# seed = -153053799
## LX*LY = 1.000000 x 1.000000 
## KV = 1.000000e+02 
## Vo = 1.000000e+00 
## KC = 1.073313e-03 
## KL = 1.000000e-03 
# # FOR PERIODIC BOUNDARY CONDITION
# V_NUM= 1000 
# E_NUM= 1500 
# C_NUM= 500 
# LX= 1.000000e+00 
# LY= 1.000000e+00 
# CELL_TYPE= 1 
# ----------------------- 
J[0] 2.054018e-01 6.626235e-01
J[1] 1.787022e-01 6.271309e-01
J[2] 9.321330e-01 1.847630e-01
J[3] 9.061297e-02 6.375665e-01
J[4] 1.547273e-01 5.910169e-01
J[5] 1.159705e-01 6.236423e-01
J[6] 1.223379e-01 5.810519e-01
J[7] 1.110786e-01 5.910288e-01
J[8] 6.683481e-01 6.634477e-01
J[9] 7.038016e-01 6.648938e-01
J[10] 7.023723e-01 6.999655e-01
J[11] 1.582662e-01 6.311907e-01
J[12] 1.572891e-01 6.304108e-01
J[13] 1.374374e-01 6.390488e-01
J[14] 8.598220e-01 1.242210e-01
J[15] 8.769409e-01 1.137850e-01
J[16] 8.869209e-01 1.727472e-01
J[17] 8.588265e-01 1.460190e-01
J[18] 8.757990e-01 1.993928e-01
J[19] 3.247453e-01 6.796066e-01
J[20] 5.697212e-01 5.491338e-01
J[21] 5.846383e-01 4.427069e-01
J[22] 5.846372e-01 4.427078e-01
J[23] 6.468961e-01 5.108467e-01
J[24] 7.680510e-01 6.493407e-01
J[25] 7.965095e-01 6.160137e-01
J[26] 7.868976e-01 7.468766e-01
J[27] 7.402441e-01 7.411247e-01
J[28] 7.937390e-01 6.988262e-01
J[29] 7.438080e-01 5.695075e-01
J[30] 7.522377e-01 6.278132e-01
J[31] 7.216851e-01 6.301385e-01
J[32] 7.214031e-01 6.294472e-01
J[33] 6.519679e-01 6.980328e-01
J[34] 6.240416e-01 7.588905e-01
J[35] 1.702363e-01 5.660878e-01
J[36] 1.361732e-01 5.315468e-01
J[37] 9.093573e-01 1.657238e-01
J[38] 9.102445e-01 1.319780e-01
J[39] 9.367085e-01 1.191623e-01
J[40] 8.421756e-01 1.994289e-01
J[41] 8.284635e-01 1.635225e-01
J[42] 2.008581e-01 6.017609e-01
J[43] 2.528031e-01 6.028395e-01
J[44] 2.268150e-01 6.560168e-01
J[45] 2.295341e-01 6.174981e-01
J[46] 3.488751e-01 6.386482e-01
J[47] 3.921420e-01 6.083238e-01
J[48] 3.796177e-01 6.394557e-01
J[49] 5.180034e-01 6.287443e-01
J[50] 6.095714e-01 5.794240e-01
J[51] 6.293756e-01 5.874759e-01
J[52] 6.209620e-01 6.336483e-01
J[53] 7.162535e-01 5.626570e-01
J[54] 7.020128e-01 5.500594e-01
J[55] 6.956037e-01 6.168991e-01
J[56] 5.060544e-01 6.287097e-01
J[57] 5.207741e-01 5.432395e-01
J[58] 4.875942e-01 5.748406e-01
J[59] 5.152735e-01 5.166607e-01
J[60] 6.425821e-01 5.118791e-01
J[61] 6.118225e-01 5.398134e-01
J[62] 5.970430e-01 4.804321e-01
J[63] 5.627065e-01 4.878264e-01
J[64] 7.239072e-01 4.367126e-01
J[65] 7.605375e-01 6.627303e-01
J[66] 7.069577e-01 6.688351e-01
J[67] 7.029331e-01 6.996152e-01
J[68] 6.937910e-01 7.382678e-01
J[69] 6.551287e-01 7.353512e-01
J[70] 6.356435e-01 7.608116e-01
J[71] 7.581909e-01 8.076794e-01
J[72] 6.131000e-01 7.225460e-01
J[73] 6.198027e-01 6.707703e-01
J[74] 6.446597e-01 6.847466e-01
J[75] 6.452929e-01 6.946064e-01
J[76] 8.254047e-01 7.337855e-01
J[77] 8.371086e-01 7.490903e-01
J[78] 8.107433e-01 7.869100e-01
J[79] 7.881183e-01 7.477782e-01
J[80] 7.912853e-01 7.801877e-01
J[81] 7.256539e-01 4.666865e-01
J[82] 7.228096e-01 5.187888e-01
J[83] 7.023410e-01 4.940336e-01
J[84] 7.038527e-01 4.792830e-01
J[85] 9.870947e-01 5.782770e-01
J[86] 1.179183e-02 5.432518e-01
J[87] 9.788319e-01 1.475272e-01
J[88] 9.580454e-01 1.481299e-01
J[89] 9.443763e-01 1.814248e-01
J[90] 9.847035e-01 2.187986e-01
J[91] 9.448065e-01 9.474854e-02
J[92] 9.533259e-01 5.363898e-02
J[93] 8.105227e-01 1.574046e-01
J[94] 8.054833e-01 1.623751e-01
J[95] 8.263121e-01 2.289276e-01
J[96] 6.921357e-01 2.793235e-01
J[97] 6.965495e-01 2.966848e-01
J[98] 7.294314e-01 3.071159e-01
J[99] 2.577703e-01 6.982671e-01
J[100] 2.453051e-01 6.661815e-01
J[101] 3.065690e-01 6.790203e-01
J[102] 2.662136e-01 6.097954e-01
J[103] 2.921150e-01 5.968247e-01
J[104] 3.173632e-01 6.216456e-01
J[105] 2.982446e-01 6.542278e-01
J[106] 2.699386e-01 6.463978e-01
J[107] 1.724879e-01 5.656426e-01
J[108] 1.995563e-01 5.852117e-01
J[109] 2.997408e-01 5.659402e-01
J[110] 3.182315e-01 5.635894e-01
J[111] 3.712646e-01 5.902769e-01
J[112] 3.441795e-01 5.994208e-01
J[113] 3.370981e-01 6.185968e-01
J[114] 2.810487e-01 5.507534e-01
J[115] 2.494586e-01 5.703575e-01
J[116] 2.542936e-01 5.208034e-01
J[117] 2.288140e-01 5.626112e-01
J[118] 5.750749e-01 6.563717e-01
J[119] 5.406825e-01 6.650153e-01
J[120] 5.376406e-01 6.765251e-01
J[121] 5.614094e-01 6.992266e-01
J[122] 5.977878e-01 6.785675e-01
J[123] 5.770516e-01 6.421640e-01
J[124] 6.020505e-01 6.247081e-01
J[125] 5.348094e-01 6.143582e-01
J[126] 5.890357e-01 5.884207e-01
J[127] 5.724620e-01 5.750592e-01
J[128] 5.350482e-01 6.115727e-01
J[129] 5.872499e-01 5.956893e-01
J[130] 5.169708e-01 5.800934e-01
J[131] 5.143535e-01 5.832778e-01
J[132] 6.865570e-01 6.191472e-01
J[133] 6.737557e-01 6.016539e-01
J[134] 6.647166e-01 6.486321e-01
J[135] 6.296481e-01 6.294597e-01
J[136] 6.374096e-01 6.048510e-01
J[137] 5.639064e-01 7.487635e-01
J[138] 6.069554e-01 7.723349e-01
J[139] 5.638986e-01 7.470406e-01
J[140] 5.439914e-01 7.271552e-01
J[141] 6.013708e-01 7.196032e-01
J[142] 5.909451e-01 6.962304e-01
J[143] 4.469275e-01 5.289773e-01
J[144] 4.328584e-01 5.253145e-01
J[145] 4.074113e-01 5.541767e-01
J[146] 4.909617e-01 6.638122e-01
J[147] 4.688797e-01 6.663598e-01
J[148] 5.114789e-01 6.855299e-01
J[149] 5.080983e-01 7.132041e-01
J[150] 4.680909e-01 4.785287e-01
J[151] 6.468954e-01 5.108480e-01
J[152] 6.376423e-01 5.299763e-01
J[153] 6.559339e-01 5.552803e-01
J[154] 7.018294e-01 5.420459e-01
J[155] 6.799234e-01 5.631728e-01
J[156] 5.519153e-01 5.052947e-01
J[157] 5.883644e-01 4.892830e-01
J[158] 5.745315e-01 5.419168e-01
J[159] 6.020232e-01 5.332787e-01
J[160] 6.870515e-01 4.667458e-01
J[161] 6.222435e-01 4.570244e-01
J[162] 6.379196e-01 4.812159e-01
J[163] 7.886243e-01 6.970596e-01
J[164] 7.643323e-01 6.728164e-01
J[165] 7.424605e-01 7.316932e-01
J[166] 7.267760e-01 7.081381e-01
J[167] 9.551616e-01 2.366276e-01
J[168] 9.810593e-01 4.443858e-01
J[169] 5.159562e-01 8.671245e-01
J[170] 9.936494e-01 7.758464e-01
J[171] 8.894165e-01 6.037832e-01
J[172] 8.908376e-01 5.758903e-01
J[173] 8.058449e-01 5.375722e-01
J[174] 7.489273e-01 5.236393e-01
J[175] 8.022601e-01 5.536006e-01
J[176] 7.714701e-01 5.787327e-01
J[177] 7.550637e-01 5.631519e-01
J[178] 7.714687e-01 5.787322e-01
J[179] 9.197308e-01 5.637227e-01
J[180] 8.566955e-01 5.649708e-01
J[181] 8.337766e-01 5.315987e-01
J[182] 8.339299e-01 5.311899e-01
J[183] 4.937813e-01 8.561728e-01
J[184] 4.329601e-01 9.860373e-01
J[185] 4.516136e-02 5.280100e-01
J[186] 3.803879e-02 5.399188e-01
J[187] 4.156050e-02 4.643524e-01
J[188] 2.796019e-02 4.756537e-01
J[189] 8.682291e-02 6.747646e-01
J[190] 1.107983e-01 6.860291e-01
J[191] 1.122147e-01 6.928241e-01
J[192] 9.149150e-02 7.584914e-01
J[193] 3.555421e-02 7.985694e-01
J[194] 1.090852e-01 7.554528e-01
J[195] 3.444041e-01 8.745593e-01
J[196] 2.530491e-01 8.762467e-01
J[197] 3.492420e-02 2.900792e-01
J[198] 8.006856e-03 4.250452e-01
J[199] 3.415641e-04 2.301828e-01
J[200] 8.233498e-01 1.089922e-01
J[201] 8.036462e-01 1.273982e-01
J[202] 7.756714e-01 1.166576e-01
J[203] 9.901090e-01 4.119474e-02
J[204] 9.910693e-01 1.470838e-02
J[205] 7.643474e-01 1.619753e-01
J[206] 8.079598e-01 3.801135e-01
J[207] 7.134721e-01 2.601636e-01
J[208] 3.369199e-01 5.313318e-01
J[209] 3.375475e-01 5.429435e-01
J[210] 3.721282e-01 5.604340e-01
J[211] 3.889584e-01 5.485068e-01
J[212] 6.038648e-01 7.903547e-01
J[213] 4.561274e-01 5.705083e-01
J[214] 4.818527e-01 5.793916e-01
J[215] 4.841179e-01 6.093566e-01
J[216] 4.544570e-01 6.347364e-01
J[217] 4.718391e-01 4.819542e-01
J[218] 4.656814e-01 5.160024e-01
J[219] 5.423118e-01 4.641164e-01
J[220] 5.109660e-01 4.802638e-01
J[221] 4.861162e-01 5.297812e-01
J[222] 5.136237e-01 5.158026e-01
J[223] 6.922983e-01 4.085685e-01
J[224] 6.735126e-01 3.886471e-01
J[225] 6.942339e-01 3.832070e-01
J[226] 6.860507e-01 3.470863e-01
J[227] 6.717374e-01 3.326815e-01
J[228] 6.841202e-01 4.474832e-01
J[229] 6.922974e-01 4.085674e-01
J[230] 8.954597e-01 6.089154e-01
J[231] 9.206145e-01 2.183440e-01
J[232] 9.256650e-01 2.282195e-01
J[233] 8.872467e-01 2.191229e-01
J[234] 8.560461e-01 2.548014e-01
J[235] 9.771844e-01 4.425608e-01
J[236] 9.354508e-01 4.590803e-01
J[237] 3.252007e-01 6.802751e-01
J[238] 2.974782e-01 7.274494e-01
J[239] 3.782118e-01 9.224438e-01
J[240] 2.244335e-01 4.777870e-03
J[241] 1.515248e-01 9.107523e-01
J[242] 1.237734e-01 9.592755e-01
J[243] 1.189945e-01 9.591779e-01
J[244] 1.324958e-01 9.723954e-01
J[245] 1.789736e-01 9.704402e-01
J[246] 1.897724e-01 9.921511e-01
J[247] 7.184863e-01 8.300212e-01
J[248] 6.515600e-01 7.809754e-01
J[249] 6.860303e-01 8.028288e-01
J[250] 6.990250e-01 7.542240e-01
J[251] 6.503165e-01 7.956865e-01
J[252] 6.714484e-01 8.082864e-01
J[253] 9.101909e-01 7.763647e-01
J[254] 8.591002e-01 7.492178e-01
J[255] 8.817196e-01 7.829685e-01
J[256] 8.777803e-01 7.990847e-01
J[257] 9.580873e-01 8.721970e-01
J[258] 9.381122e-01 8.288093e-01
J[259] 9.463579e-01 8.159067e-01
J[260] 9.621810e-01 8.083252e-01
J[261] 9.654224e-01 8.095166e-01
J[262] 8.241679e-01 7.792788e-01
J[263] 8.775535e-01 7.991853e-01
J[264] 7.158703e-01 8.522858e-01
J[265] 6.779295e-01 8.544182e-01
J[266] 9.450756e-01 7.559028e-01
J[267] 9.156700e-01 7.585611e-01
J[268] 8.806415e-01 7.269480e-01
J[269] 8.805001e-01 7.299091e-01
J[270] 9.389202e-01 6.912810e-01
J[271] 9.764560e-01 7.245232e-01
J[272] 9.710884e-01 7.418929e-01
J[273] 9.159501e-01 7.122389e-01
J[274] 9.494936e-01 7.451470e-01
J[275] 9.557791e-01 9.119343e-01
J[276] 9.618182e-01 8.780291e-01
J[277] 8.119401e-01 6.870619e-01
J[278] 8.344103e-01 7.034524e-01
J[279] 8.516836e-01 6.996714e-01
J[280] 8.282550e-01 5.906036e-01
J[281] 8.339528e-01 5.918277e-01
J[282] 7.906800e-01 6.444690e-01
J[283] 8.115715e-01 6.598486e-01
J[284] 7.501839e-01 5.227034e-01
J[285] 7.407426e-01 4.723707e-01
J[286] 7.778169e-01 4.386980e-01
J[287] 7.934036e-01 4.478917e-01
J[288] 9.258074e-01 4.876913e-01
J[289] 5.005402e-01 8.148236e-01
J[290] 5.453287e-01 7.645576e-01
J[291] 5.593108e-01 7.934777e-01
J[292] 3.830441e-01 9.119043e-01
J[293] 5.728712e-01 8.681417e-01
J[294] 5.489536e-01 8.962263e-01
J[295] 5.584154e-01 9.193484e-01
J[296] 4.322000e-01 9.561357e-01
J[297] 4.540492e-01 9.451901e-01
J[298] 4.009051e-01 9.140444e-01
J[299] 1.223691e-02 5.925676e-01
J[300] 1.322987e-02 5.982494e-01
J[301] 4.830777e-02 6.166401e-01
J[302] 6.204991e-02 6.122198e-01
J[303] 4.506487e-02 5.672174e-01
J[304] 7.603807e-02 5.844632e-01
J[305] 7.071279e-02 5.728237e-01
J[306] 3.863688e-02 7.236795e-01
J[307] 4.134053e-02 4.033637e-01
J[308] 3.902987e-02 3.694084e-01
J[309] 1.841453e-01 5.319646e-01
J[310] 2.239847e-01 5.300503e-01
J[311] 2.204543e-01 5.361342e-01
J[312] 6.567062e-01 3.334945e-01
J[313] 5.461629e-01 3.860565e-01
J[314] 4.208991e-01 4.849880e-01
J[315] 4.161403e-01 4.939694e-01
J[316] 3.854238e-01 5.046121e-01
J[317] 3.716086e-01 4.724847e-01
J[318] 3.770760e-01 5.004958e-01
J[319] 2.557108e-01 4.933107e-01
J[320] 8.826940e-02 7.174611e-01
J[321] 9.083772e-02 7.578740e-01
J[322] 3.863770e-02 7.236807e-01
J[323] 5.103982e-02 7.671603e-01
J[324] 8.664969e-02 8.255787e-01
J[325] 7.367266e-02 8.137747e-01
J[326] 4.915279e-02 8.179974e-01
J[327] 1.922537e-01 6.876859e-01
J[328] 1.918464e-01 6.867706e-01
J[329] 1.587669e-01 6.792019e-01
J[330] 1.334016e-01 7.001727e-01
J[331] 1.364887e-01 7.167385e-01
J[332] 2.107315e-01 7.776684e-01
J[333] 1.750415e-01 7.310994e-01
J[334] 1.673164e-01 7.343167e-01
J[335] 1.399630e-01 8.855100e-01
J[336] 2.390465e-01 9.048344e-01
J[337] 2.054486e-01 9.034069e-01
J[338] 2.395584e-01 9.634586e-01
J[339] 2.606653e-01 9.328842e-01
J[340] 2.871883e-01 9.209701e-01
J[341] 2.425426e-01 9.943778e-01
J[342] 2.317347e-01 8.507961e-01
J[343] 1.963314e-01 8.666898e-01
J[344] 1.900212e-01 8.388080e-01
J[345] 2.247155e-01 8.063577e-01
J[346] 3.248157e-01 8.577796e-01
J[347] 2.912025e-01 8.879603e-01
J[348] 2.718104e-01 8.723361e-01
J[349] 9.559929e-01 2.611280e-01
J[350] 8.145013e-01 8.152714e-02
J[351] 8.237486e-01 6.981644e-02
J[352] 8.116347e-01 4.073289e-02
J[353] 8.190940e-01 2.860712e-02
J[354] 3.731084e-04 5.237428e-02
J[355] 9.846809e-01 1.399102e-01
J[356] 9.832792e-01 9.208155e-02
J[357] 7.382533e-01 2.156620e-01
J[358] 7.562958e-01 2.017493e-01
J[359] 8.009310e-01 2.144134e-01
J[360] 8.100613e-01 2.297404e-01
J[361] 7.350956e-01 3.250101e-01
J[362] 7.272421e-01 3.370543e-01
J[363] 7.814448e-01 3.339805e-01
J[364] 7.874945e-01 3.709793e-01
J[365] 5.405301e-01 8.456323e-01
J[366] 5.308062e-01 8.131354e-01
J[367] 5.580884e-01 7.968107e-01
J[368] 5.687111e-01 8.520783e-01
J[369] 5.837336e-01 8.321915e-01
J[370] 4.427558e-01 5.828040e-01
J[371] 4.024443e-01 6.063336e-01
J[372] 4.165968e-01 5.781716e-01
J[373] 4.342896e-01 6.393796e-01
J[374] 4.494556e-01 6.326018e-01
J[375] 6.208586e-01 4.000669e-01
J[376] 6.469514e-01 4.072220e-01
J[377] 5.988014e-01 4.415197e-01
J[378] 6.493506e-01 4.370022e-01
J[379] 9.487153e-01 5.917372e-01
J[380] 9.272952e-01 6.098803e-01
J[381] 9.467596e-01 6.001625e-01
J[382] 9.614410e-01 6.195118e-01
J[383] 9.421410e-01 6.783660e-01
J[384] 8.907471e-01 6.591739e-01
J[385] 8.674521e-01 6.733700e-01
J[386] 8.678031e-01 6.775122e-01
J[387] 9.170193e-01 7.006026e-01
J[388] 9.403524e-01 6.792633e-01
J[389] 9.257264e-01 6.648770e-01
J[390] 8.347701e-01 2.853928e-01
J[391] 7.930303e-01 3.229164e-01
J[392] 7.881470e-01 2.979827e-01
J[393] 8.342512e-01 4.077580e-01
J[394] 8.429058e-01 4.481811e-01
J[395] 8.135876e-01 4.665590e-01
J[396] 8.130122e-01 4.037092e-01
J[397] 7.934050e-01 4.478922e-01
J[398] 8.477768e-01 4.504191e-01
J[399] 8.938470e-01 4.866594e-01
J[400] 9.770115e-01 3.769244e-01
J[401] 9.771850e-01 4.425595e-01
J[402] 9.218511e-01 4.065617e-01
J[403] 9.145055e-01 4.065903e-01
J[404] 9.044196e-01 4.332787e-01
J[405] 8.843817e-01 4.436799e-01
J[406] 8.711590e-01 4.360261e-01
J[407] 1.807630e-03 4.936149e-01
J[408] 9.947262e-01 4.927878e-01
J[409] 9.873333e-01 5.656833e-01
J[410] 9.643305e-01 5.444592e-01
J[411] 9.222353e-01 9.436699e-01
J[412] 9.341679e-01 9.649681e-01
J[413] 3.059259e-01 7.245247e-01
J[414] 3.212856e-01 7.020241e-01
J[415] 3.897893e-01 6.566660e-01
J[416] 3.752910e-01 6.799420e-01
J[417] 4.242671e-01 6.596487e-01
J[418] 3.110651e-01 7.928074e-01
J[419] 2.911687e-01 7.749645e-01
J[420] 2.676720e-01 7.796222e-01
J[421] 2.510240e-01 8.089816e-01
J[422] 2.524525e-01 8.126709e-01
J[423] 3.026124e-01 8.215335e-01
J[424] 2.838873e-01 8.271520e-01
J[425] 4.314458e-01 9.870309e-01
J[426] 4.095162e-01 9.788346e-01
J[427] 1.758406e-02 9.037885e-01
J[428] 5.345619e-02 8.699081e-01
J[429] 5.474595e-02 9.303039e-01
J[430] 1.057397e-01 9.332363e-01
J[431] 7.063377e-01 7.569937e-01
J[432] 7.077128e-01 7.728780e-01
J[433] 7.557259e-01 7.557229e-01
J[434] 7.457716e-01 7.989065e-01
J[435] 7.435174e-01 7.995429e-01
J[436] 8.755743e-01 8.168566e-01
J[437] 9.472157e-01 8.719900e-01
J[438] 9.352484e-01 8.522387e-01
J[439] 9.836894e-01 8.365552e-01
J[440] 9.839194e-01 8.436805e-01
J[441] 8.382372e-01 6.036652e-01
J[442] 8.196264e-01 6.552952e-01
J[443] 8.668206e-01 6.135852e-01
J[444] 8.560586e-01 6.634805e-01
J[445] 8.039286e-01 5.353947e-01
J[446] 7.930701e-01 4.797158e-01
J[447] 7.526215e-01 4.989182e-01
J[448] 9.310960e-01 4.966552e-01
J[449] 9.449941e-01 4.984627e-01
J[450] 9.809581e-01 4.754355e-01
J[451] 9.537774e-01 5.433742e-01
J[452] 9.197315e-01 5.637214e-01
J[453] 9.056526e-01 5.468578e-01
J[454] 6.683592e-01 8.617387e-01
J[455] 6.277875e-01 8.172250e-01
J[456] 6.213081e-01 8.165990e-01
J[457] 6.106046e-01 8.333985e-01
J[458] 5.827801e-01 9.286511e-01
J[459] 4.285426e-01 8.631760e-01
J[460] 4.137746e-01 9.003786e-01
J[461] 4.703725e-01 8.703546e-01
J[462] 4.578142e-01 9.122300e-01
J[463] 4.725763e-01 9.574969e-01
J[464] 4.585656e-01 9.131059e-01
J[465] 5.430688e-01 8.965271e-01
J[466] 5.168510e-01 8.763284e-01
J[467] 4.934094e-01 9.026582e-01
J[468] 5.140981e-01 9.423250e-01
J[469] 5.041346e-01 9.394538e-01
J[470] 1.965993e-02 6.637558e-01
J[471] 4.233024e-02 7.087086e-01
J[472] 4.547735e-02 6.448898e-01
J[473] 7.665390e-02 6.783121e-01
J[474] 1.143448e-01 4.960939e-01
J[475] 9.346986e-02 5.368140e-01
J[476] 8.105375e-02 5.199698e-01
J[477] 1.171507e-01 5.419483e-01
J[478] 5.700106e-02 4.717255e-01
J[479] 9.647224e-02 4.576971e-01
J[480] 8.196741e-02 5.173382e-01
J[481] 1.036915e-01 4.385670e-01
J[482] 9.966312e-02 3.896979e-01
J[483] 6.528250e-02 4.152858e-01
J[484] 6.486086e-02 4.128112e-01
J[485] 2.339139e-02 4.740743e-01
J[486] 1.430753e-02 4.274712e-01
J[487] 4.020506e-02 3.150232e-01
J[488] 2.001906e-01 4.883355e-01
J[489] 6.730652e-01 2.730805e-01
J[490] 6.403769e-01 3.533233e-01
J[491] 6.403775e-01 3.533219e-01
J[492] 5.769431e-01 3.856654e-01
J[493] 6.111126e-01 3.779810e-01
J[494] 5.642643e-01 3.771684e-01
J[495] 4.658810e-01 4.416770e-01
J[496] 4.143866e-01 4.455595e-01
J[497] 2.377536e-01 4.778292e-01
J[498] 2.450807e-01 4.390606e-01
J[499] 2.068130e-01 4.794245e-01
J[500] 3.225025e-01 5.171810e-01
J[501] 3.597233e-01 4.671064e-01
J[502] 3.021913e-01 5.157402e-01
J[503] 2.806268e-01 5.347104e-01
J[504] 2.211555e-01 7.594065e-01
J[505] 2.140573e-01 7.464514e-01
J[506] 2.494160e-01 7.568281e-01
J[507] 2.678489e-01 7.180760e-01
J[508] 2.567496e-01 7.002620e-01
J[509] 2.328388e-01 7.054932e-01
J[510] 1.737942e-01 7.797833e-01
J[511] 1.073773e-01 8.171444e-01
J[512] 1.211157e-01 7.719077e-01
J[513] 1.610392e-01 7.642005e-01
J[514] 1.816966e-01 9.651383e-01
J[515] 1.618922e-01 9.139682e-01
J[516] 2.156984e-01 9.538903e-01
J[517] 2.051611e-01 9.038205e-01
J[518] 3.286572e-01 9.095556e-01
J[519] 2.871884e-01 9.209715e-01
J[520] 9.831729e-01 2.880574e-01
J[521] 9.819281e-01 2.982379e-01
J[522] 8.808970e-03 3.385641e-01
J[523] 9.985650e-01 3.620703e-01
J[524] 8.150627e-03 3.546648e-01
J[525] 7.737287e-01 3.600925e-02
J[526] 8.504614e-01 7.426076e-02
J[527] 8.774037e-01 1.057831e-01
J[528] 8.251136e-01 2.803279e-02
J[529] 9.853078e-01 9.456660e-02
J[530] 7.993695e-01 2.470710e-01
J[531] 7.690183e-01 2.462271e-01
J[532] 8.102643e-01 2.783103e-01
J[533] 7.534036e-01 2.700517e-01
J[534] 7.576763e-01 2.865712e-01
J[535] 7.812205e-01 3.757281e-01
J[536] 7.433560e-01 3.651477e-01
J[537] 7.304046e-01 3.834877e-01
J[538] 7.451127e-01 4.175483e-01
J[539] 7.721724e-01 4.197787e-01
J[540] 9.799229e-01 6.234326e-01
J[541] 9.844532e-01 6.796495e-01
J[542] 9.980746e-01 6.871952e-01
J[543] 8.933790e-01 2.698104e-01
J[544] 8.572812e-01 2.624797e-01
J[545] 8.879454e-01 5.415931e-01
J[546] 8.852633e-01 4.961857e-01
J[547] 8.360133e-01 5.308470e-01
J[548] 8.551379e-01 4.894643e-01
J[549] 8.983754e-01 9.450339e-01
J[550] 9.291275e-01 9.783374e-01
J[551] 9.336205e-01 2.867343e-02
J[552] 9.444484e-01 3.701053e-04
J[553] 3.733766e-01 7.206997e-01
J[554] 3.882941e-01 7.032709e-01
J[555] 4.302569e-01 6.941186e-01
J[556] 3.937194e-01 9.896174e-01
J[557] 4.300885e-01 1.480306e-02
J[558] 8.006275e-01 9.838191e-01
J[559] 7.807959e-02 9.820179e-01
J[560] 5.090346e-02 9.346384e-01
J[561] 4.242288e-02 9.335834e-01
J[562] 8.561123e-02 8.421459e-01
J[563] 6.086828e-02 8.863212e-01
J[564] 1.221201e-01 8.839061e-01
J[565] 1.104402e-01 8.974030e-01
J[566] 8.822041e-01 8.334610e-01
J[567] 1.119209e-03 7.796667e-03
J[568] 9.627633e-01 9.648927e-01
J[569] 1.148054e-03 1.687413e-04
J[570] 1.008851e-02 7.751185e-01
J[571] 2.000963e-02 7.321525e-01
J[572] 9.976739e-01 7.165488e-01
J[573] 5.005399e-01 8.148222e-01
J[574] 5.316646e-01 9.776579e-01
J[575] 5.265880e-01 9.780133e-01
J[576] 5.583924e-01 9.889195e-01
J[577] 5.546427e-01 4.608081e-03
J[578] 4.885052e-01 9.973846e-01
J[579] 4.852785e-01 1.926073e-03
J[580] 1.561785e-02 8.848162e-01
J[581] 2.827190e-02 8.524253e-01
J[582] 3.316187e-02 8.663699e-01
J[583] 2.039144e-02 9.580937e-01
J[584] 3.372292e-04 6.159986e-01
J[585] 1.965931e-02 6.637545e-01
J[586] 2.456760e-02 7.991156e-01
J[587] 2.198427e-01 4.200710e-01
J[588] 1.987390e-01 4.316100e-01
J[589] 1.390137e-01 4.200813e-01
J[590] 1.608459e-01 4.161115e-01
J[591] 1.692316e-01 4.273731e-01
J[592] 1.333387e-01 4.374492e-01
J[593] 1.434827e-01 4.924989e-01
J[594] 1.453861e-01 4.947904e-01
J[595] 1.584885e-01 4.932343e-01
J[596] 1.646948e-01 4.833747e-01
J[597] 8.821379e-02 2.895217e-01
J[598] 7.087564e-01 2.352354e-01
J[599] 7.387594e-01 2.095742e-01
J[600] 6.566456e-01 2.326912e-01
J[601] 6.628286e-01 2.240936e-01
J[602] 6.260504e-01 1.980250e-01
J[603] 6.592002e-01 2.121399e-01
J[604] 3.548258e-01 3.460651e-01
J[605] 3.252941e-01 3.312569e-01
J[606] 3.593492e-01 2.788654e-01
J[607] 3.602597e-01 2.602311e-01
J[608] 1.261948e-01 8.369585e-01
J[609] 1.435412e-01 8.798709e-01
J[610] 1.909630e-01 8.639311e-01
J[611] 2.836592e-01 9.607189e-01
J[612] 9.583459e-01 3.181207e-01
J[613] 7.620590e-01 4.913773e-02
J[614] 7.663683e-01 8.043871e-02
J[615] 7.710122e-01 7.461449e-02
J[616] 2.494023e-01 9.990301e-01
J[617] 8.853737e-01 4.422042e-02
J[618] 8.282400e-01 3.327078e-01
J[619] 8.437727e-01 3.154979e-01
J[620] 8.345268e-01 3.557455e-01
J[621] 8.708905e-01 3.665604e-01
J[622] 9.223280e-01 9.039450e-01
J[623] 8.983765e-01 9.450329e-01
J[624] 7.538153e-01 9.413742e-01
J[625] 8.136086e-01 9.629050e-01
J[626] 9.164675e-01 9.844838e-01
J[627] 3.309860e-01 7.846256e-01
J[628] 3.337363e-01 7.513487e-01
J[629] 3.746332e-01 7.326749e-01
J[630] 4.312377e-01 6.948319e-01
J[631] 4.609321e-01 6.872815e-01
J[632] 4.902709e-01 7.181965e-01
J[633] 7.166046e-01 9.254475e-01
J[634] 7.394712e-01 9.452915e-01
J[635] 7.124256e-01 8.937887e-01
J[636] 6.702378e-01 8.778379e-01
J[637] 7.855826e-01 9.851148e-01
J[638] 7.677694e-01 1.874230e-02
J[639] 7.407057e-01 9.638466e-01
J[640] 7.293847e-01 6.139783e-03
J[641] 9.790417e-01 9.250690e-01
J[642] 9.811032e-01 9.429532e-01
J[643] 4.285432e-01 8.631747e-01
J[644] 2.472955e-02 9.846473e-01
J[645] 7.158658e-02 9.923425e-01
J[646] 4.473785e-02 2.814259e-01
J[647] 9.980425e-01 2.772476e-01
J[648] 3.610053e-02 2.324627e-01
J[649] 1.680993e-01 3.969117e-01
J[650] 1.011348e-01 3.115148e-01
J[651] 1.257904e-01 3.132986e-01
J[652] 1.019438e-01 1.217659e-01
J[653] 8.828537e-02 1.112303e-01
J[654] 1.567769e-01 3.608871e-01
J[655] 1.516291e-01 3.739976e-01
J[656] 2.698752e-01 4.315683e-01
J[657] 2.905051e-01 4.688338e-01
J[658] 2.914879e-01 4.691874e-01
J[659] 9.632169e-02 2.704511e-01
J[660] 4.907605e-02 2.257838e-01
J[661] 3.001324e-01 3.007703e-01
J[662] 2.969145e-01 3.051769e-01
J[663] 2.565650e-01 2.971988e-01
J[664] 7.268525e-01 1.998980e-01
J[665] 6.747757e-01 1.991782e-01
J[666] 4.856150e-01 3.896417e-01
J[667] 4.541083e-01 4.038328e-01
J[668] 4.980024e-01 3.697852e-01
J[669] 4.922253e-01 3.568088e-01
J[670] 4.594454e-01 3.524235e-01
J[671] 4.694001e-01 3.008959e-01
J[672] 4.771530e-01 2.612000e-01
J[673] 6.448504e-01 3.146704e-01
J[674] 6.520633e-01 2.868390e-01
J[675] 5.843608e-01 2.221723e-01
J[676] 5.126810e-01 2.509063e-01
J[677] 5.201431e-01 2.586110e-01
J[678] 3.424955e-01 4.741475e-01
J[679] 3.118925e-01 4.221888e-01
J[680] 3.091494e-01 4.553308e-01
J[681] 3.091168e-01 3.561512e-01
J[682] 2.829304e-01 3.909929e-01
J[683] 3.039204e-01 3.394708e-01
J[684] 3.082646e-01 3.417328e-01
J[685] 2.740861e-01 3.938754e-01
J[686] 2.317739e-01 3.846815e-01
J[687] 2.316583e-01 3.845665e-01
J[688] 2.579910e-01 3.564260e-01
J[689] 3.493374e-01 2.657580e-01
J[690] 3.602589e-01 2.602298e-01
J[691] 3.615219e-01 1.842185e-01
J[692] 4.652901e-01 2.521093e-01
J[693] 4.206673e-01 2.674762e-01
J[694] 4.179637e-01 2.760044e-01
J[695] 4.425637e-01 3.080007e-01
J[696] 4.390401e-01 3.176750e-01
J[697] 3.809800e-01 2.892339e-01
J[698] 3.829854e-01 3.171519e-01
J[699] 4.062708e-01 3.284141e-01
J[700] 5.096986e-01 4.192675e-01
J[701] 5.416081e-01 4.147908e-01
J[702] 5.013736e-01 4.400654e-01
J[703] 4.658822e-01 4.416762e-01
J[704] 5.584513e-01 4.391876e-01
J[705] 5.258467e-01 4.648750e-01
J[706] 1.716496e-01 7.853741e-01
J[707] 1.831200e-01 8.346117e-01
J[708] 1.173451e-01 8.213641e-01
J[709] 3.621646e-01 9.744605e-01
J[710] 3.127955e-01 9.661533e-01
J[711] 3.437546e-01 9.901017e-01
J[712] 3.209239e-01 9.851342e-01
J[713] 3.567144e-01 9.317547e-01
J[714] 3.391655e-01 9.270270e-01
J[715] 9.697555e-01 3.561368e-01
J[716] 9.573769e-01 3.429277e-01
J[717] 9.697540e-01 3.561371e-01
J[718] 9.030598e-01 3.769599e-01
J[719] 8.793923e-01 3.815774e-01
J[720] 8.717871e-01 3.765386e-01
J[721] 8.880187e-01 3.503661e-01
J[722] 8.955592e-01 2.764893e-01
J[723] 9.223817e-01 2.839134e-01
J[724] 9.267871e-01 3.060989e-01
J[725] 8.655100e-01 3.169071e-01
J[726] 8.860621e-01 3.369753e-01
J[727] 6.676661e-01 7.360101e-02
J[728] 7.218716e-01 7.795440e-02
J[729] 6.714875e-01 4.835400e-02
J[730] 7.022344e-01 4.385088e-02
J[731] 7.056082e-01 1.898865e-02
J[732] 7.080634e-01 3.651293e-02
J[733] 3.843467e-01 1.311188e-01
J[734] 8.665825e-01 3.758191e-02
J[735] 8.853747e-01 4.421933e-02
J[736] 8.740027e-01 9.794530e-01
J[737] 8.989585e-01 4.832937e-02
J[738] 9.386915e-01 8.565448e-02
J[739] 9.087535e-01 8.396158e-02
J[740] 9.061414e-01 8.959001e-01
J[741] 7.593147e-01 9.102922e-01
J[742] 7.281120e-01 8.612803e-01
J[743] 7.266871e-01 8.843683e-01
J[744] 7.604990e-01 8.426008e-01
J[745] 3.331739e-01 7.861119e-01
J[746] 5.367361e-01 7.632451e-01
J[747] 5.055233e-01 7.896115e-01
J[748] 4.763463e-01 7.618271e-01
J[749] 4.902700e-01 7.181976e-01
J[750] 4.978808e-01 7.313521e-01
J[751] 8.547272e-01 9.722357e-01
J[752] 8.138794e-01 9.633313e-01
J[753] 4.897078e-01 8.187709e-01
J[754] 4.322292e-01 8.580948e-01
J[755] 3.915516e-01 8.600793e-01
J[756] 3.875597e-01 8.417814e-01
J[757] 3.355750e-01 8.580471e-01
J[758] 3.702771e-01 8.802378e-01
J[759] 3.468015e-01 8.293816e-01
J[760] 3.632135e-01 8.268461e-01
J[761] 9.846873e-01 2.109033e-01
J[762] 6.809434e-02 3.303159e-01
J[763] 9.508771e-02 3.235920e-01
J[764] 6.411362e-02 3.572136e-01
J[765] 9.968390e-02 3.863908e-01
J[766] 1.219694e-01 3.702276e-01
J[767] 2.707952e-01 1.553053e-01
J[768] 4.310393e-02 5.639477e-02
J[769] 9.925540e-02 1.484602e-01
J[770] 8.135427e-02 2.117543e-01
J[771] 4.036742e-02 1.850762e-01
J[772] 5.233933e-02 2.148131e-01
J[773] 7.858529e-02 1.141775e-01
J[774] 3.352839e-02 9.563258e-02
J[775] 4.683676e-02 8.644363e-02
J[776] 1.857878e-01 3.508755e-01
J[777] 2.322163e-01 3.815318e-01
J[778] 1.201635e-01 2.476949e-01
J[779] 1.192145e-01 2.618507e-01
J[780] 1.506272e-01 2.789217e-01
J[781] 2.563982e-01 2.973712e-01
J[782] 1.978882e-01 3.287856e-01
J[783] 2.507335e-01 3.430989e-01
J[784] 1.482633e-01 2.973912e-01
J[785] 1.780158e-01 2.692766e-01
J[786] 1.887663e-01 3.328073e-01
J[787] 2.052296e-01 2.948295e-01
J[788] 4.401239e-01 3.970872e-01
J[789] 4.373845e-01 3.760932e-01
J[790] 4.075048e-01 3.637391e-01
J[791] 4.066180e-01 4.176866e-01
J[792] 4.066658e-01 4.414687e-01
J[793] 3.805445e-01 3.817224e-01
J[794] 3.840232e-01 4.008464e-01
J[795] 4.969059e-01 3.491155e-01
J[796] 4.860660e-01 3.124338e-01
J[797] 5.146237e-01 2.942533e-01
J[798] 5.843926e-01 2.239816e-01
J[799] 6.162930e-01 2.422478e-01
J[800] 6.153625e-01 2.628807e-01
J[801] 5.551876e-01 2.531159e-01
J[802] 3.400068e-01 3.758166e-01
J[803] 3.248357e-01 4.170087e-01
J[804] 3.840221e-01 4.008453e-01
J[805] 3.605633e-01 4.386420e-01
J[806] 3.186310e-01 2.360271e-01
J[807] 3.131645e-01 2.039629e-01
J[808] 2.849610e-01 2.577069e-01
J[809] 2.753220e-01 2.021515e-01
J[810] 2.627231e-01 2.428148e-01
J[811] 3.508954e-01 1.975877e-01
J[812] 3.002407e-01 1.517002e-01
J[813] 3.218551e-01 1.934248e-01
J[814] 4.647840e-01 2.355288e-01
J[815] 4.738390e-01 1.884349e-01
J[816] 4.887755e-01 2.093694e-01
J[817] 3.976391e-01 2.290299e-01
J[818] 3.995637e-01 2.296012e-01
J[819] 4.204427e-01 2.130422e-01
J[820] 4.250602e-01 1.915337e-01
J[821] 3.834888e-01 1.859677e-01
J[822] 4.024436e-01 1.516710e-01
J[823] 7.149733e-01 9.406519e-02
J[824] 6.981212e-01 9.839398e-02
J[825] 7.534011e-01 1.288795e-01
J[826] 7.494732e-01 1.451752e-01
J[827] 3.912906e-01 1.018563e-01
J[828] 4.160424e-01 8.329188e-02
J[829] 3.988436e-01 4.038258e-02
J[830] 2.581275e-01 1.069434e-01
J[831] 2.491228e-01 5.244694e-02
J[832] 2.364474e-01 6.852169e-02
J[833] 3.063228e-01 1.413954e-01
J[834] 3.423650e-01 1.440810e-01
J[835] 2.802710e-01 6.196242e-02
J[836] 3.483405e-01 1.345125e-01
J[837] 2.904452e-01 1.092159e-01
J[838] 2.986111e-01 9.433676e-02
J[839] 1.389877e-01 9.815066e-02
J[840] 2.051983e-01 6.989371e-02
J[841] 2.050632e-01 6.965420e-02
J[842] 1.962146e-01 6.829342e-02
J[843] 8.186310e-01 9.392201e-01
J[844] 7.618031e-01 9.094225e-01
J[845] 4.267880e-01 7.302201e-01
J[846] 4.356535e-01 7.356108e-01
J[847] 3.930441e-01 7.452283e-01
J[848] 3.871149e-01 7.649522e-01
J[849] 3.896769e-01 7.698134e-01
J[850] 4.419436e-01 7.628572e-01
J[851] 4.157339e-01 7.867211e-01
J[852] 4.157349e-01 7.867221e-01
J[853] 6.672954e-01 8.798603e-01
J[854] 6.653436e-01 9.080734e-01
J[855] 6.237374e-01 8.627032e-01
J[856] 6.805861e-01 9.528854e-01
J[857] 6.896992e-01 7.198302e-03
J[858] 6.601990e-01 7.617781e-03
J[859] 6.523497e-01 9.688351e-01
J[860] 8.547265e-01 9.722370e-01
J[861] 4.480238e-01 7.652570e-01
J[862] 4.687761e-01 8.025378e-01
J[863] 4.244180e-01 8.216156e-01
J[864] 2.452711e-02 1.446348e-01
J[865] 4.123537e-02 1.590334e-01
J[866] 3.876572e-02 1.842668e-01
J[867] 3.846373e-03 1.927465e-01
J[868] 9.549071e-02 1.923579e-01
J[869] 9.925617e-02 1.484614e-01
J[870] 1.469592e-01 2.289005e-01
J[871] 1.346440e-01 1.969361e-01
J[872] 1.496325e-01 1.750264e-01
J[873] 1.853717e-01 2.545754e-01
J[874] 2.420089e-01 2.627576e-01
J[875] 2.485619e-01 2.472842e-01
J[876] 1.767918e-01 2.350491e-01
J[877] 5.639759e-01 3.626282e-01
J[878] 5.350858e-01 3.426474e-01
J[879] 5.910439e-01 3.413885e-01
J[880] 5.397255e-01 3.116161e-01
J[881] 5.642007e-01 2.695696e-01
J[882] 5.975148e-01 2.750220e-01
J[883] 5.527550e-01 3.059135e-01
J[884] 6.043259e-01 3.118122e-01
J[885] 5.883745e-01 3.262400e-01
J[886] 6.937768e-01 1.202039e-01
J[887] 6.729138e-01 1.663145e-01
J[888] 7.201858e-01 1.550895e-01
J[889] 7.225654e-01 1.499555e-01
J[890] 6.564742e-01 1.335208e-01
J[891] 6.546261e-01 1.546601e-01
J[892] 6.242478e-01 1.753321e-01
J[893] 6.069856e-01 1.667833e-01
J[894] 6.029360e-01 1.317886e-01
J[895] 5.726223e-01 1.830366e-01
J[896] 5.678100e-01 2.106288e-01
J[897] 5.134693e-01 2.082547e-01
J[898] 5.233072e-01 2.207475e-01
J[899] 4.890173e-01 1.239219e-02
J[900] 4.211693e-01 8.426075e-02
J[901] 4.547913e-01 4.310066e-02
J[902] 4.618514e-01 4.332236e-02
J[903] 6.426050e-01 2.936460e-02
J[904] 6.418548e-01 2.299485e-02
J[905] 6.104897e-01 6.098488e-02
J[906] 5.938227e-01 5.752675e-02
J[907] 2.650751e-01 9.939291e-01
J[908] 2.948225e-01 2.448887e-02
J[909] 2.996223e-01 2.352561e-02
J[910] 8.977261e-01 8.442909e-01
J[911] 8.481996e-01 8.558463e-01
J[912] 8.997297e-01 8.768515e-01
J[913] 8.531145e-01 8.783419e-01
J[914] 8.557240e-01 9.362486e-01
J[915] 8.223892e-01 9.362078e-01
J[916] 8.601151e-01 9.188625e-01
J[917] 8.408075e-01 8.928095e-01
J[918] 5.926979e-01 8.784954e-01
J[919] 6.168695e-01 8.730985e-01
J[920] 5.901557e-01 9.243267e-01
J[921] 7.363672e-01 9.583783e-01
J[922] 7.000889e-01 9.713718e-01
J[923] 6.860335e-01 9.289596e-01
J[924] 6.133005e-01 6.789084e-03
J[925] 5.585952e-01 9.891851e-01
J[926] 5.839510e-01 2.190235e-02
J[927] 2.374926e-01 1.260255e-01
J[928] 1.961006e-01 9.985286e-02
J[929] 1.691052e-01 1.129494e-01
J[930] 6.548361e-01 8.062273e-02
J[931] 6.148551e-01 7.133384e-02
J[932] 6.481216e-01 1.257877e-01
J[933] 6.108560e-01 1.246172e-01
J[934] 4.334576e-01 1.126015e-01
J[935] 4.210120e-01 1.483830e-01
J[936] 4.205286e-01 1.478279e-01
J[937] 4.795808e-01 1.542930e-01
J[938] 3.522758e-01 3.247341e-02
J[939] 3.265876e-01 4.836824e-02
J[940] 3.773143e-01 3.635966e-02
J[941] 3.346465e-01 9.496858e-02
J[942] 3.236005e-01 8.810601e-02
J[943] 3.627602e-01 7.790860e-02
J[944] 3.779266e-01 3.753844e-02
J[945] 1.753496e-01 1.357575e-02
J[946] 1.534967e-01 1.699253e-02
J[947] 1.375625e-01 6.919509e-02
J[948] 1.358437e-01 7.017136e-02
J[949] 1.273182e-01 1.695745e-03
J[950] 8.242210e-01 8.438191e-01
J[951] 8.095221e-01 7.989150e-01
J[952] 8.280694e-01 8.151278e-01
J[953] 6.436459e-01 9.188710e-01
J[954] 6.328503e-01 9.139322e-01
J[955] 6.434065e-01 9.640224e-01
J[956] 6.068363e-01 9.333913e-01
J[957] 6.074350e-01 9.731851e-01
J[958] 6.158796e-01 9.783560e-01
J[959] 1.896383e-01 2.186043e-01
J[960] 5.786420e-01 7.219799e-02
J[961] 5.856538e-01 1.244482e-01
J[962] 5.444419e-01 1.051324e-01
J[963] 1.087315e-01 5.719358e-02
J[964] 1.047643e-01 1.725198e-02
J[965] 9.352621e-02 6.664871e-02
J[966] 5.499081e-02 4.640120e-02
J[967] 5.295994e-02 3.040458e-02
J[968] 7.760319e-02 8.107426e-03
J[969] 8.085608e-01 8.857522e-01
J[970] 8.037400e-01 8.561338e-01
J[971] 8.054741e-01 8.892413e-01
J[972] 7.698903e-01 8.855239e-01
J[973] 7.605353e-01 8.426215e-01
J[974] 7.767824e-01 8.359918e-01
J[975] 1.785339e-01 1.842276e-01
J[976] 2.008292e-01 1.561869e-01
J[977] 1.395415e-01 1.465582e-01
J[978] 1.689036e-01 1.221647e-01
J[979] 2.380285e-01 1.313511e-01
J[980] 2.113306e-01 1.568918e-01
J[981] 2.618974e-01 1.851655e-01
J[982] 2.307637e-01 1.917065e-01
J[983] 2.203014e-01 2.177642e-01
J[984] 5.634264e-01 6.712868e-02
J[985] 5.572601e-01 7.169830e-02
J[986] 5.122404e-01 5.533971e-02
J[987] 5.428825e-01 1.443137e-02
J[988] 5.090987e-01 2.099522e-02
J[989] 4.522987e-01 1.105957e-01
J[990] 4.831115e-01 1.280437e-01
J[991] 4.728176e-01 6.784521e-02
J[992] 4.973001e-01 7.107127e-02
J[993] 5.067964e-01 9.864448e-02
J[994] 5.620462e-01 1.375891e-01
J[995] 5.486291e-01 1.293296e-01
J[996] 5.249478e-01 1.783025e-01
J[997] 5.569905e-01 1.694740e-01
J[998] 4.941721e-01 1.488823e-01
J[999] 4.949143e-01 1.464976e-01

E[0] 4 6 0 0
E[1] 4 12 0 0
E[2] 5 7 0 0
E[3] 5 13 0 0
E[4] 6 7 0 0
E[5] 12 13 0 0
E[6] 4 35 0 0
E[7] 477 6 0 0
E[8] 35 36 0 0
E[9] 2 37 0 0
E[10] 37 16 0 0
E[11] 14 15 0 0
E[12] 14 17 0 0
E[13] 15 38 0 0
E[14] 16 17 0 0
E[15] 37 38 0 0
E[16] 16 18 0 0
E[17] 17 41 0 0
E[18] 18 40 0 0
E[19] 40 41 0 0
E[20] 0 1 0 0
E[21] 0 44 0 0
E[22] 1 42 0 0
E[23] 45 42 0 0
E[24] 29 32 0 0
E[25] 29 53 0 0
E[26] 32 55 0 0
E[27] 53 55 0 0
E[28] 9 66 0 0
E[29] 9 31 0 0
E[30] 24 65 0 0
E[31] 24 30 0 0
E[32] 30 31 0 0
E[33] 65 66 0 0
E[34] 10 68 0 0
E[35] 10 33 0 0
E[36] 33 69 0 0
E[37] 68 69 0 0
E[38] 33 75 0 0
E[39] 34 70 0 0
E[40] 34 72 0 0
E[41] 69 70 0 0
E[42] 72 75 0 0
E[43] 8 9 0 0
E[44] 8 74 0 0
E[45] 10 67 0 0
E[46] 66 67 0 0
E[47] 74 75 0 0
E[48] 76 77 0 0
E[49] 76 79 0 0
E[50] 262 77 0 0
E[51] 78 80 0 0
E[52] 79 80 0 0
E[53] 2 89 0 0
E[54] 38 39 0 0
E[55] 39 88 0 0
E[56] 88 89 0 0
E[57] 87 867 1 0
E[58] 87 88 0 0
E[59] 89 761 0 0
E[60] 102 106 0 0
E[61] 102 103 0 0
E[62] 103 104 0 0
E[63] 104 105 0 0
E[64] 105 106 0 0
E[65] 43 45 0 0
E[66] 43 102 0 0
E[67] 44 100 0 0
E[68] 100 106 0 0
E[69] 99 101 0 0
E[70] 99 100 0 0
E[71] 101 105 0 0
E[72] 1 11 0 0
E[73] 11 12 0 0
E[74] 35 107 0 0
E[75] 42 108 0 0
E[76] 107 108 0 0
E[77] 109 103 0 0
E[78] 104 113 0 0
E[79] 112 110 0 0
E[80] 113 46 0 0
E[81] 46 48 0 0
E[82] 47 48 0 0
E[83] 47 111 0 0
E[84] 111 112 0 0
E[85] 19 46 0 0
E[86] 19 101 0 0
E[87] 112 113 0 0
E[88] 43 115 0 0
E[89] 109 110 0 0
E[90] 109 114 0 0
E[91] 114 115 0 0
E[92] 44 45 0 0
E[93] 108 117 0 0
E[94] 115 117 0 0
E[95] 118 122 0 0
E[96] 118 119 0 0
E[97] 119 120 0 0
E[98] 120 121 0 0
E[99] 142 122 0 0
E[100] 52 124 0 0
E[101] 52 73 0 0
E[102] 73 122 0 0
E[103] 118 123 0 0
E[104] 123 124 0 0
E[105] 49 125 0 0
E[106] 49 119 0 0
E[107] 123 125 0 0
E[108] 126 129 0 0
E[109] 126 127 0 0
E[110] 127 130 0 0
E[111] 128 129 0 0
E[112] 128 131 0 0
E[113] 130 131 0 0
E[114] 20 127 0 0
E[115] 20 57 0 0
E[116] 57 130 0 0
E[117] 124 129 0 0
E[118] 125 128 0 0
E[119] 132 133 0 0
E[120] 132 134 0 0
E[121] 133 136 0 0
E[122] 134 135 0 0
E[123] 135 136 0 0
E[124] 53 54 0 0
E[125] 155 133 0 0
E[126] 55 132 0 0
E[127] 8 134 0 0
E[128] 31 32 0 0
E[129] 52 135 0 0
E[130] 73 74 0 0
E[131] 50 126 0 0
E[132] 50 51 0 0
E[133] 51 136 0 0
E[134] 139 140 0 0
E[135] 139 141 0 0
E[136] 121 140 0 0
E[137] 141 142 0 0
E[138] 34 138 0 0
E[139] 72 141 0 0
E[140] 137 138 0 0
E[141] 137 139 0 0
E[142] 121 142 0 0
E[143] 49 56 0 0
E[144] 56 146 0 0
E[145] 120 148 0 0
E[146] 146 148 0 0
E[147] 140 149 0 0
E[148] 148 149 0 0
E[149] 60 152 0 0
E[150] 151 154 0 0
E[151] 152 153 0 0
E[152] 153 155 0 0
E[153] 54 154 0 0
E[154] 151 23 0 0
E[155] 23 83 0 0
E[156] 60 151 0 0
E[157] 82 83 0 0
E[158] 82 154 0 0
E[159] 50 61 0 0
E[160] 51 153 0 0
E[161] 61 152 0 0
E[162] 54 155 0 0
E[163] 63 156 0 0
E[164] 156 158 0 0
E[165] 157 159 0 0
E[166] 158 159 0 0
E[167] 20 158 0 0
E[168] 57 59 0 0
E[169] 59 156 0 0
E[170] 60 62 0 0
E[171] 61 159 0 0
E[172] 157 62 0 0
E[173] 63 157 0 0
E[174] 23 162 0 0
E[175] 83 84 0 0
E[176] 84 160 0 0
E[177] 160 162 0 0
E[178] 21 22 0 0
E[179] 377 21 0 0
E[180] 22 62 0 0
E[181] 161 162 0 0
E[182] 163 165 0 0
E[183] 163 164 0 0
E[184] 164 166 0 0
E[185] 165 166 0 0
E[186] 26 28 0 0
E[187] 433 26 0 0
E[188] 27 165 0 0
E[189] 28 163 0 0
E[190] 65 164 0 0
E[191] 67 166 0 0
E[192] 29 177 0 0
E[193] 82 174 0 0
E[194] 174 177 0 0
E[195] 282 24 0 0
E[196] 25 176 0 0
E[197] 30 178 0 0
E[198] 176 178 0 0
E[199] 177 178 0 0
E[200] 3 5 0 0
E[201] 3 189 0 0
E[202] 13 190 0 0
E[203] 189 190 0 0
E[204] 199 648 0 0
E[205] 199 647 -1 0
E[206] 197 487 0 0
E[207] 197 647 -1 0
E[208] 90 761 0 0
E[209] 90 199 1 0
E[210] 14 200 0 0
E[211] 41 93 0 0
E[212] 93 201 0 0
E[213] 200 201 0 0
E[214] 110 209 0 0
E[215] 111 210 0 0
E[216] 209 210 0 0
E[217] 56 215 0 0
E[218] 58 131 0 0
E[219] 58 214 0 0
E[220] 214 215 0 0
E[221] 146 147 0 0
E[222] 147 216 0 0
E[223] 215 216 0 0
E[224] 217 220 0 0
E[225] 217 218 0 0
E[226] 218 221 0 0
E[227] 220 222 0 0
E[228] 705 220 0 0
E[229] 221 222 0 0
E[230] 58 221 0 0
E[231] 143 213 0 0
E[232] 143 218 0 0
E[233] 213 214 0 0
E[234] 59 222 0 0
E[235] 63 219 0 0
E[236] 64 81 0 0
E[237] 64 223 0 0
E[238] 81 84 0 0
E[239] 160 228 0 0
E[240] 229 223 0 0
E[241] 224 229 0 0
E[242] 228 229 0 0
E[243] 2 231 0 0
E[244] 90 167 0 0
E[245] 167 232 0 0
E[246] 231 232 0 0
E[247] 18 233 0 0
E[248] 231 233 0 0
E[249] 40 95 0 0
E[250] 95 234 0 0
E[251] 233 234 0 0
E[252] 244 949 0 1
E[253] 244 245 0 0
E[254] 945 246 0 -1
E[255] 245 246 0 0
E[256] 68 250 0 0
E[257] 70 248 0 0
E[258] 248 250 0 0
E[259] 255 253 0 0
E[260] 253 259 0 0
E[261] 254 255 0 0
E[262] 255 256 0 0
E[263] 256 258 0 0
E[264] 258 259 0 0
E[265] 254 77 0 0
E[266] 78 262 0 0
E[267] 256 263 0 0
E[268] 262 263 0 0
E[269] 247 249 0 0
E[270] 247 264 0 0
E[271] 249 252 0 0
E[272] 252 265 0 0
E[273] 264 265 0 0
E[274] 253 267 0 0
E[275] 259 260 0 0
E[276] 260 266 0 0
E[277] 266 267 0 0
E[278] 254 269 0 0
E[279] 267 269 0 0
E[280] 387 273 0 0
E[281] 270 271 0 0
E[282] 271 272 0 0
E[283] 272 274 0 0
E[284] 273 274 0 0
E[285] 170 272 0 0
E[286] 170 261 0 0
E[287] 260 261 0 0
E[288] 266 274 0 0
E[289] 268 273 0 0
E[290] 268 269 0 0
E[291] 26 79 0 0
E[292] 28 277 0 0
E[293] 76 278 0 0
E[294] 277 278 0 0
E[295] 268 279 0 0
E[296] 278 279 0 0
E[297] 180 281 0 0
E[298] 172 180 0 0
E[299] 173 175 0 0
E[300] 173 181 0 0
E[301] 175 280 0 0
E[302] 180 181 0 0
E[303] 280 281 0 0
E[304] 25 282 0 0
E[305] 175 176 0 0
E[306] 25 280 0 0
E[307] 277 283 0 0
E[308] 282 283 0 0
E[309] 81 285 0 0
E[310] 174 284 0 0
E[311] 447 285 0 0
E[312] 137 290 0 0
E[313] 138 212 0 0
E[314] 212 291 0 0
E[315] 290 291 0 0
E[316] 299 300 0 0
E[317] 299 303 0 0
E[318] 300 301 0 0
E[319] 301 302 0 0
E[320] 302 304 0 0
E[321] 303 305 0 0
E[322] 304 305 0 0
E[323] 85 299 1 0
E[324] 409 85 0 0
E[325] 86 186 0 0
E[326] 185 186 0 0
E[327] 186 303 0 0
E[328] 3 302 0 0
E[329] 7 304 0 0
E[330] 107 309 0 0
E[331] 117 311 0 0
E[332] 309 311 0 0
E[333] 143 144 0 0
E[334] 144 315 0 0
E[335] 150 217 0 0
E[336] 150 314 0 0
E[337] 314 315 0 0
E[338] 144 145 0 0
E[339] 145 211 0 0
E[340] 211 316 0 0
E[341] 315 316 0 0
E[342] 208 318 0 0
E[343] 208 209 0 0
E[344] 210 211 0 0
E[345] 316 318 0 0
E[346] 320 322 0 0
E[347] 320 321 0 0
E[348] 321 323 0 0
E[349] 322 323 0 0
E[350] 192 321 0 0
E[351] 192 325 0 0
E[352] 193 323 0 0
E[353] 193 326 0 0
E[354] 325 326 0 0
E[355] 0 328 0 0
E[356] 11 329 0 0
E[357] 328 329 0 0
E[358] 190 191 0 0
E[359] 191 330 0 0
E[360] 329 330 0 0
E[361] 191 320 0 0
E[362] 192 194 0 0
E[363] 194 331 0 0
E[364] 330 331 0 0
E[365] 327 333 0 0
E[366] 327 328 0 0
E[367] 331 334 0 0
E[368] 333 334 0 0
E[369] 196 342 0 0
E[370] 336 196 0 0
E[371] 337 343 0 0
E[372] 342 343 0 0
E[373] 196 348 0 0
E[374] 336 337 0 0
E[375] 336 339 0 0
E[376] 339 340 0 0
E[377] 340 347 0 0
E[378] 347 348 0 0
E[379] 203 354 1 0
E[380] 203 204 0 0
E[381] 204 567 1 0
E[382] 354 768 0 0
E[383] 738 91 0 0
E[384] 91 356 0 0
E[385] 92 203 0 0
E[386] 354 356 -1 0
E[387] 39 91 0 0
E[388] 87 355 0 0
E[389] 529 356 0 0
E[390] 94 205 0 0
E[391] 94 359 0 0
E[392] 205 358 0 0
E[393] 358 359 0 0
E[394] 93 94 0 0
E[395] 95 360 0 0
E[396] 359 360 0 0
E[397] 97 98 0 0
E[398] 97 227 0 0
E[399] 98 361 0 0
E[400] 226 227 0 0
E[401] 226 362 0 0
E[402] 361 362 0 0
E[403] 365 368 0 0
E[404] 365 366 0 0
E[405] 366 367 0 0
E[406] 367 369 0 0
E[407] 368 369 0 0
E[408] 169 365 0 0
E[409] 169 183 0 0
E[410] 183 289 0 0
E[411] 289 366 0 0
E[412] 370 374 0 0
E[413] 370 372 0 0
E[414] 371 373 0 0
E[415] 371 372 0 0
E[416] 373 374 0 0
E[417] 213 370 0 0
E[418] 216 374 0 0
E[419] 145 372 0 0
E[420] 47 371 0 0
E[421] 375 376 0 0
E[422] 375 377 0 0
E[423] 376 378 0 0
E[424] 161 378 0 0
E[425] 228 378 0 0
E[426] 224 376 0 0
E[427] 161 377 0 0
E[428] 171 172 0 0
E[429] 171 230 0 0
E[430] 172 179 0 0
E[431] 179 379 0 0
E[432] 230 380 0 0
E[433] 379 381 0 0
E[434] 380 381 0 0
E[435] 384 389 0 0
E[436] 384 385 0 0
E[437] 385 386 0 0
E[438] 386 387 0 0
E[439] 270 388 0 0
E[440] 388 389 0 0
E[441] 230 384 0 0
E[442] 380 389 0 0
E[443] 270 387 0 0
E[444] 279 386 0 0
E[445] 381 382 0 0
E[446] 382 383 0 0
E[447] 383 388 0 0
E[448] 534 98 0 0
E[449] 361 363 0 0
E[450] 363 391 0 0
E[451] 391 392 0 0
E[452] 393 394 0 0
E[453] 393 396 0 0
E[454] 394 395 0 0
E[455] 395 397 0 0
E[456] 396 397 0 0
E[457] 400 402 0 0
E[458] 400 401 0 0
E[459] 401 402 0 0
E[460] 235 236 0 0
E[461] 235 401 0 0
E[462] 236 404 0 0
E[463] 402 403 0 0
E[464] 403 404 0 0
E[465] 236 288 0 0
E[466] 288 399 0 0
E[467] 399 405 0 0
E[468] 404 405 0 0
E[469] 86 407 0 0
E[470] 407 408 -1 0
E[471] 408 410 0 0
E[472] 409 410 0 0
E[473] 407 485 0 0
E[474] 48 415 0 0
E[475] 373 417 0 0
E[476] 415 417 0 0
E[477] 19 237 0 0
E[478] 237 416 0 0
E[479] 415 416 0 0
E[480] 418 419 0 0
E[481] 418 423 0 0
E[482] 419 420 0 0
E[483] 420 421 0 0
E[484] 421 422 0 0
E[485] 422 424 0 0
E[486] 423 424 0 0
E[487] 342 422 0 0
E[488] 610 343 0 0
E[489] 344 345 0 0
E[490] 345 421 0 0
E[491] 348 424 0 0
E[492] 346 347 0 0
E[493] 346 423 0 0
E[494] 184 296 0 0
E[495] 184 425 0 0
E[496] 239 426 0 0
E[497] 239 292 0 0
E[498] 292 298 0 0
E[499] 296 298 0 0
E[500] 425 426 0 0
E[501] 431 432 0 0
E[502] 27 431 0 0
E[503] 432 435 0 0
E[504] 433 434 0 0
E[505] 434 435 0 0
E[506] 248 251 0 0
E[507] 249 432 0 0
E[508] 250 431 0 0
E[509] 251 252 0 0
E[510] 27 433 0 0
E[511] 247 435 0 0
E[512] 71 434 0 0
E[513] 71 80 0 0
E[514] 258 438 0 0
E[515] 263 436 0 0
E[516] 910 438 0 0
E[517] 257 440 0 0
E[518] 257 437 0 0
E[519] 261 439 0 0
E[520] 437 438 0 0
E[521] 439 440 0 0
E[522] 441 442 0 0
E[523] 441 443 0 0
E[524] 442 444 0 0
E[525] 443 444 0 0
E[526] 281 441 0 0
E[527] 283 442 0 0
E[528] 171 443 0 0
E[529] 385 444 0 0
E[530] 284 445 0 0
E[531] 445 446 0 0
E[532] 446 447 0 0
E[533] 173 445 0 0
E[534] 284 447 0 0
E[535] 181 182 0 0
E[536] 182 395 0 0
E[537] 287 446 0 0
E[538] 287 397 0 0
E[539] 285 286 0 0
E[540] 286 287 0 0
E[541] 448 453 0 0
E[542] 448 449 0 0
E[543] 449 450 0 0
E[544] 449 451 0 0
E[545] 451 452 0 0
E[546] 452 453 0 0
E[547] 450 168 0 0
E[548] 168 235 0 0
E[549] 288 448 0 0
E[550] 168 198 1 0
E[551] 198 486 0 0
E[552] 408 450 0 0
E[553] 410 451 0 0
E[554] 179 452 0 0
E[555] 251 455 0 0
E[556] 265 454 0 0
E[557] 454 455 0 0
E[558] 212 456 0 0
E[559] 455 456 0 0
E[560] 291 367 0 0
E[561] 369 457 0 0
E[562] 456 457 0 0
E[563] 459 460 0 0
E[564] 459 461 0 0
E[565] 460 462 0 0
E[566] 461 462 0 0
E[567] 296 297 0 0
E[568] 464 462 0 0
E[569] 298 460 0 0
E[570] 465 468 0 0
E[571] 465 466 0 0
E[572] 466 467 0 0
E[573] 467 469 0 0
E[574] 468 469 0 0
E[575] 169 466 0 0
E[576] 293 294 0 0
E[577] 293 368 0 0
E[578] 294 465 0 0
E[579] 183 461 0 0
E[580] 464 297 0 0
E[581] 297 463 0 0
E[582] 464 467 0 0
E[583] 463 469 0 0
E[584] 85 379 0 0
E[585] 86 409 -1 0
E[586] 470 471 0 0
E[587] 470 472 0 0
E[588] 471 473 0 0
E[589] 472 473 0 0
E[590] 189 473 0 0
E[591] 306 471 0 0
E[592] 306 322 0 0
E[593] 301 472 0 0
E[594] 185 476 0 0
E[595] 305 475 0 0
E[596] 475 476 0 0
E[597] 36 477 0 0
E[598] 475 477 0 0
E[599] 478 480 0 0
E[600] 478 479 0 0
E[601] 474 479 0 0
E[602] 185 188 0 0
E[603] 187 478 0 0
E[604] 187 188 0 0
E[605] 480 476 0 0
E[606] 474 480 0 0
E[607] 187 483 0 0
E[608] 479 481 0 0
E[609] 481 483 0 0
E[610] 485 486 0 0
E[611] 188 485 0 0
E[612] 307 484 0 0
E[613] 307 486 0 0
E[614] 483 484 0 0
E[615] 308 524 0 0
E[616] 307 308 0 0
E[617] 223 225 0 0
E[618] 224 490 0 0
E[619] 225 226 0 0
E[620] 227 312 0 0
E[621] 312 491 0 0
E[622] 490 491 0 0
E[623] 375 493 0 0
E[624] 490 493 0 0
E[625] 21 492 0 0
E[626] 492 493 0 0
E[627] 150 495 0 0
E[628] 314 496 0 0
E[629] 495 496 0 0
E[630] 116 310 0 0
E[631] 116 319 0 0
E[632] 310 488 0 0
E[633] 319 497 0 0
E[634] 488 499 0 0
E[635] 497 499 0 0
E[636] 208 500 0 0
E[637] 317 318 0 0
E[638] 317 501 0 0
E[639] 678 500 0 0
E[640] 503 114 0 0
E[641] 500 502 0 0
E[642] 116 503 0 0
E[643] 310 311 0 0
E[644] 502 503 0 0
E[645] 504 505 0 0
E[646] 504 506 0 0
E[647] 505 509 0 0
E[648] 506 507 0 0
E[649] 507 508 0 0
E[650] 508 509 0 0
E[651] 332 504 0 0
E[652] 332 345 0 0
E[653] 420 506 0 0
E[654] 327 509 0 0
E[655] 333 505 0 0
E[656] 238 419 0 0
E[657] 238 507 0 0
E[658] 99 508 0 0
E[659] 237 414 0 0
E[660] 238 413 0 0
E[661] 413 414 0 0
E[662] 332 510 0 0
E[663] 334 513 0 0
E[664] 510 513 0 0
E[665] 194 512 0 0
E[666] 324 325 0 0
E[667] 324 511 0 0
E[668] 511 512 0 0
E[669] 512 513 0 0
E[670] 514 516 0 0
E[671] 514 515 0 0
E[672] 515 517 0 0
E[673] 516 517 0 0
E[674] 240 246 0 -1
E[675] 240 341 0 -1
E[676] 245 514 0 0
E[677] 338 341 0 0
E[678] 338 516 0 0
E[679] 241 242 0 0
E[680] 241 335 0 0
E[681] 242 244 0 0
E[682] 241 515 0 0
E[683] 337 517 0 0
E[684] 338 339 0 0
E[685] 195 518 0 0
E[686] 757 346 0 0
E[687] 340 519 0 0
E[688] 518 519 0 0
E[689] 647 520 0 0
E[690] 521 522 1 0
E[691] 167 349 0 0
E[692] 520 349 0 0
E[693] 520 521 0 0
E[694] 522 524 0 0
E[695] 198 523 -1 0
E[696] 523 524 1 0
E[697] 352 353 0 0
E[698] 352 525 0 0
E[699] 558 353 0 1
E[700] 525 638 0 0
E[701] 15 527 0 0
E[702] 200 350 0 0
E[703] 350 351 0 0
E[704] 351 526 0 0
E[705] 526 527 0 0
E[706] 353 528 0 0
E[707] 528 860 0 -1
E[708] 355 864 1 0
E[709] 529 774 1 0
E[710] 355 529 0 0
E[711] 530 531 0 0
E[712] 530 532 0 0
E[713] 531 533 0 0
E[714] 392 532 0 0
E[715] 533 534 0 0
E[716] 544 234 0 0
E[717] 360 530 0 0
E[718] 390 532 0 0
E[719] 207 533 0 0
E[720] 598 207 0 0
E[721] 357 531 0 0
E[722] 96 207 0 0
E[723] 96 97 0 0
E[724] 392 534 0 0
E[725] 535 536 0 0
E[726] 535 539 0 0
E[727] 536 537 0 0
E[728] 537 538 0 0
E[729] 538 539 0 0
E[730] 362 536 0 0
E[731] 363 364 0 0
E[732] 364 535 0 0
E[733] 206 364 0 0
E[734] 206 396 0 0
E[735] 286 539 0 0
E[736] 225 537 0 0
E[737] 64 538 0 0
E[738] 382 540 0 0
E[739] 383 541 0 0
E[740] 540 541 0 0
E[741] 232 543 0 0
E[742] 390 544 0 0
E[743] 543 544 0 0
E[744] 545 546 0 0
E[745] 545 547 0 0
E[746] 546 548 0 0
E[747] 547 548 0 0
E[748] 399 546 0 0
E[749] 453 545 0 0
E[750] 182 547 0 0
E[751] 398 406 0 0
E[752] 398 548 0 0
E[753] 405 406 0 0
E[754] 394 398 0 0
E[755] 414 553 0 0
E[756] 416 554 0 0
E[757] 553 554 0 0
E[758] 417 555 0 0
E[759] 554 555 0 0
E[760] 557 829 0 0
E[761] 557 901 0 0
E[762] 425 557 0 1
E[763] 426 556 0 0
E[764] 556 940 0 1
E[765] 240 841 0 0
E[766] 341 616 0 0
E[767] 243 430 0 0
E[768] 243 559 0 0
E[769] 429 430 0 0
E[770] 429 560 0 0
E[771] 559 560 0 0
E[772] 428 562 0 0
E[773] 562 564 0 0
E[774] 563 565 0 0
E[775] 564 565 0 0
E[776] 428 563 0 0
E[777] 563 429 0 0
E[778] 430 565 0 0
E[779] 335 564 0 0
E[780] 242 243 0 0
E[781] 412 550 0 0
E[782] 412 568 0 0
E[783] 550 552 0 1
E[784] 567 569 0 0
E[785] 568 569 1 1
E[786] 440 581 1 0
E[787] 439 586 1 0
E[788] 170 570 1 0
E[789] 572 271 0 0
E[790] 570 571 0 0
E[791] 570 586 0 0
E[792] 541 542 0 0
E[793] 542 572 0 0
E[794] 571 572 -1 0
E[795] 294 295 0 0
E[796] 295 574 0 0
E[797] 468 575 0 0
E[798] 574 575 0 0
E[799] 295 458 0 0
E[800] 458 576 0 0
E[801] 574 576 0 0
E[802] 463 578 0 0
E[803] 575 578 0 0
E[804] 184 579 0 1
E[805] 578 579 0 1
E[806] 567 967 0 0
E[807] 569 644 0 -1
E[808] 427 561 0 0
E[809] 427 580 0 0
E[810] 428 582 0 0
E[811] 560 561 0 0
E[812] 580 582 0 0
E[813] 324 562 0 0
E[814] 326 581 0 0
E[815] 581 582 0 0
E[816] 427 641 -1 0
E[817] 561 583 0 0
E[818] 583 642 -1 0
E[819] 584 585 0 0
E[820] 571 306 0 0
E[821] 470 585 0 0
E[822] 300 584 0 0
E[823] 193 586 0 0
E[824] 487 522 0 0
E[825] 497 498 0 0
E[826] 498 587 0 0
E[827] 499 588 0 0
E[828] 587 588 0 0
E[829] 589 592 0 0
E[830] 589 590 0 0
E[831] 590 591 0 0
E[832] 591 596 0 0
E[833] 592 593 0 0
E[834] 593 594 0 0
E[835] 594 595 0 0
E[836] 595 596 0 0
E[837] 481 592 0 0
E[838] 482 484 0 0
E[839] 482 589 0 0
E[840] 488 596 0 0
E[841] 588 591 0 0
E[842] 474 593 0 0
E[843] 36 594 0 0
E[844] 309 595 0 0
E[845] 357 598 0 0
E[846] 358 599 0 0
E[847] 357 599 0 0
E[848] 96 489 0 0
E[849] 489 600 0 0
E[850] 598 601 0 0
E[851] 600 601 0 0
E[852] 335 609 0 0
E[853] 708 511 0 0
E[854] 608 609 0 0
E[855] 344 610 0 0
E[856] 609 610 0 0
E[857] 519 611 0 0
E[858] 611 907 0 0
E[859] 350 615 0 0
E[860] 351 352 0 0
E[861] 525 613 0 0
E[862] 613 615 0 0
E[863] 201 202 0 0
E[864] 202 614 0 0
E[865] 614 615 0 0
E[866] 204 552 0 0
E[867] 542 585 1 0
E[868] 540 584 1 0
E[869] 391 618 0 0
E[870] 390 619 0 0
E[871] 618 619 0 0
E[872] 206 620 0 0
E[873] 618 620 0 0
E[874] 257 276 0 0
E[875] 275 276 0 0
E[876] 275 411 0 0
E[877] 411 549 0 0
E[878] 437 622 0 0
E[879] 549 623 0 0
E[880] 622 623 0 0
E[881] 413 628 0 0
E[882] 418 627 0 0
E[883] 627 628 0 0
E[884] 553 629 0 0
E[885] 628 629 0 0
E[886] 147 631 0 0
E[887] 555 630 0 0
E[888] 630 631 0 0
E[889] 149 632 0 0
E[890] 631 632 0 0
E[891] 550 626 0 0
E[892] 551 737 0 0
E[893] 551 552 0 0
E[894] 626 735 0 1
E[895] 637 638 0 1
E[896] 637 639 0 0
E[897] 638 640 0 0
E[898] 639 640 0 1
E[899] 558 637 0 0
E[900] 752 625 0 0
E[901] 624 625 0 0
E[902] 634 624 0 0
E[903] 633 634 0 0
E[904] 921 639 0 0
E[905] 568 642 0 0
E[906] 275 641 0 0
E[907] 411 412 0 0
E[908] 641 642 0 0
E[909] 644 645 0 0
E[910] 645 968 0 1
E[911] 583 644 0 0
E[912] 559 645 0 0
E[913] 646 648 0 0
E[914] 197 646 0 0
E[915] 319 657 0 0
E[916] 498 656 0 0
E[917] 656 657 0 0
E[918] 502 658 0 0
E[919] 657 658 0 0
E[920] 597 659 0 0
E[921] 597 646 0 0
E[922] 648 660 0 0
E[923] 659 660 0 0
E[924] 599 664 0 0
E[925] 601 603 0 0
E[926] 603 665 0 0
E[927] 664 665 0 0
E[928] 312 673 0 0
E[929] 489 674 0 0
E[930] 673 674 0 0
E[931] 501 678 0 0
E[932] 658 680 0 0
E[933] 678 680 0 0
E[934] 681 684 0 0
E[935] 681 682 0 0
E[936] 682 685 0 0
E[937] 683 684 0 0
E[938] 683 688 0 0
E[939] 685 686 0 0
E[940] 686 687 0 0
E[941] 777 687 0 0
E[942] 656 685 0 0
E[943] 679 680 0 0
E[944] 679 682 0 0
E[945] 587 686 0 0
E[946] 590 649 0 0
E[947] 649 655 0 0
E[948] 649 687 0 0
E[949] 605 684 0 0
E[950] 605 606 0 0
E[951] 606 607 0 0
E[952] 607 690 0 0
E[953] 661 662 0 0
E[954] 661 689 0 0
E[955] 662 683 0 0
E[956] 689 690 0 0
E[957] 694 697 0 0
E[958] 694 695 0 0
E[959] 695 696 0 0
E[960] 696 699 0 0
E[961] 697 698 0 0
E[962] 698 699 0 0
E[963] 671 672 0 0
E[964] 671 695 0 0
E[965] 672 692 0 0
E[966] 692 693 0 0
E[967] 693 694 0 0
E[968] 604 605 0 0
E[969] 604 698 0 0
E[970] 606 697 0 0
E[971] 702 700 0 0
E[972] 700 701 0 0
E[973] 701 704 0 0
E[974] 702 703 0 0
E[975] 702 705 0 0
E[976] 219 704 0 0
E[977] 666 667 0 0
E[978] 666 700 0 0
E[979] 667 703 0 0
E[980] 313 668 0 0
E[981] 313 701 0 0
E[982] 666 668 0 0
E[983] 22 704 0 0
E[984] 313 494 0 0
E[985] 492 494 0 0
E[986] 219 705 0 0
E[987] 703 495 0 0
E[988] 706 708 0 0
E[989] 706 707 0 0
E[990] 608 707 0 0
E[991] 510 706 0 0
E[992] 608 708 0 0
E[993] 344 707 0 0
E[994] 709 711 0 0
E[995] 709 713 0 0
E[996] 710 712 0 0
E[997] 710 714 0 0
E[998] 711 712 0 0
E[999] 713 714 0 0
E[1000] 556 709 0 0
E[1001] 711 938 0 1
E[1002] 239 713 0 0
E[1003] 611 710 0 0
E[1004] 712 909 0 1
E[1005] 518 714 0 0
E[1006] 715 716 0 0
E[1007] 715 717 0 0
E[1008] 716 721 0 0
E[1009] 717 718 0 0
E[1010] 718 719 0 0
E[1011] 719 720 0 0
E[1012] 621 720 0 0
E[1013] 521 612 0 0
E[1014] 523 715 0 0
E[1015] 612 716 0 0
E[1016] 400 717 0 0
E[1017] 403 718 0 0
E[1018] 406 719 0 0
E[1019] 393 720 0 0
E[1020] 620 621 0 0
E[1021] 621 721 0 0
E[1022] 722 725 0 0
E[1023] 722 723 0 0
E[1024] 723 724 0 0
E[1025] 724 726 0 0
E[1026] 725 726 0 0
E[1027] 543 722 0 0
E[1028] 619 725 0 0
E[1029] 349 723 0 0
E[1030] 612 724 0 0
E[1031] 721 726 0 0
E[1032] 731 857 0 0
E[1033] 613 732 0 0
E[1034] 614 728 0 0
E[1035] 728 730 0 0
E[1036] 730 732 0 0
E[1037] 731 732 0 0
E[1038] 734 736 0 -1
E[1039] 734 735 0 0
E[1040] 736 860 0 0
E[1041] 528 734 0 0
E[1042] 526 617 0 0
E[1043] 617 735 0 0
E[1044] 737 739 0 0
E[1045] 738 739 0 0
E[1046] 617 737 0 0
E[1047] 92 738 0 0
E[1048] 527 739 0 0
E[1049] 624 741 0 0
E[1050] 633 635 0 0
E[1051] 635 743 0 0
E[1052] 741 743 0 0
E[1053] 264 742 0 0
E[1054] 454 636 0 0
E[1055] 635 636 0 0
E[1056] 742 743 0 0
E[1057] 71 744 0 0
E[1058] 742 744 0 0
E[1059] 289 573 0 0
E[1060] 290 746 0 0
E[1061] 573 747 0 0
E[1062] 746 747 0 0
E[1063] 746 750 0 0
E[1064] 747 748 0 0
E[1065] 748 750 0 0
E[1066] 632 749 0 0
E[1067] 749 750 0 0
E[1068] 579 899 0 0
E[1069] 558 752 0 0
E[1070] 276 580 1 0
E[1071] 459 643 0 0
E[1072] 573 753 0 0
E[1073] 643 754 0 0
E[1074] 753 754 0 0
E[1075] 755 756 0 0
E[1076] 755 758 0 0
E[1077] 756 760 0 0
E[1078] 195 758 0 0
E[1079] 757 759 0 0
E[1080] 759 760 0 0
E[1081] 292 758 0 0
E[1082] 643 755 0 0
E[1083] 195 757 0 0
E[1084] 627 745 0 0
E[1085] 745 759 0 0
E[1086] 762 763 0 0
E[1087] 762 764 0 0
E[1088] 763 766 0 0
E[1089] 764 765 0 0
E[1090] 765 766 0 0
E[1091] 487 762 0 0
E[1092] 597 650 0 0
E[1093] 650 763 0 0
E[1094] 308 764 0 0
E[1095] 655 766 0 0
E[1096] 650 651 0 0
E[1097] 651 654 0 0
E[1098] 654 655 0 0
E[1099] 482 765 0 0
E[1100] 654 776 0 0
E[1101] 688 777 0 0
E[1102] 776 777 0 0
E[1103] 659 779 0 0
E[1104] 660 772 0 0
E[1105] 770 772 0 0
E[1106] 770 778 0 0
E[1107] 778 779 0 0
E[1108] 662 663 0 0
E[1109] 663 781 0 0
E[1110] 688 783 0 0
E[1111] 781 783 0 0
E[1112] 786 776 0 0
E[1113] 782 783 0 0
E[1114] 780 784 0 0
E[1115] 784 786 0 0
E[1116] 785 787 0 0
E[1117] 782 787 0 0
E[1118] 651 784 0 0
E[1119] 779 780 0 0
E[1120] 780 785 0 0
E[1121] 782 786 0 0
E[1122] 781 787 0 0
E[1123] 788 789 0 0
E[1124] 788 791 0 0
E[1125] 789 790 0 0
E[1126] 790 793 0 0
E[1127] 791 792 0 0
E[1128] 791 794 0 0
E[1129] 793 794 0 0
E[1130] 667 788 0 0
E[1131] 668 669 0 0
E[1132] 669 670 0 0
E[1133] 670 789 0 0
E[1134] 792 496 0 0
E[1135] 670 696 0 0
E[1136] 699 790 0 0
E[1137] 604 793 0 0
E[1138] 317 792 0 0
E[1139] 669 795 0 0
E[1140] 671 796 0 0
E[1141] 795 796 0 0
E[1142] 672 676 0 0
E[1143] 676 677 0 0
E[1144] 677 797 0 0
E[1145] 796 797 0 0
E[1146] 600 799 0 0
E[1147] 602 603 0 0
E[1148] 602 675 0 0
E[1149] 675 798 0 0
E[1150] 798 799 0 0
E[1151] 674 800 0 0
E[1152] 799 800 0 0
E[1153] 802 804 0 0
E[1154] 802 803 0 0
E[1155] 803 805 0 0
E[1156] 804 805 0 0
E[1157] 681 802 0 0
E[1158] 794 804 0 0
E[1159] 679 803 0 0
E[1160] 501 805 0 0
E[1161] 806 807 0 0
E[1162] 806 808 0 0
E[1163] 807 809 0 0
E[1164] 808 810 0 0
E[1165] 809 810 0 0
E[1166] 661 808 0 0
E[1167] 689 806 0 0
E[1168] 811 690 0 0
E[1169] 691 811 0 0
E[1170] 807 813 0 0
E[1171] 811 813 0 0
E[1172] 981 809 0 0
E[1173] 767 812 0 0
E[1174] 812 813 0 0
E[1175] 607 817 0 0
E[1176] 693 818 0 0
E[1177] 817 818 0 0
E[1178] 691 821 0 0
E[1179] 817 821 0 0
E[1180] 692 814 0 0
E[1181] 814 819 0 0
E[1182] 818 819 0 0
E[1183] 814 816 0 0
E[1184] 815 816 0 0
E[1185] 815 820 0 0
E[1186] 819 820 0 0
E[1187] 727 824 0 0
E[1188] 727 729 0 0
E[1189] 728 823 0 0
E[1190] 729 730 0 0
E[1191] 823 824 0 0
E[1192] 202 825 0 0
E[1193] 823 825 0 0
E[1194] 205 826 0 0
E[1195] 825 826 0 0
E[1196] 691 834 0 0
E[1197] 812 833 0 0
E[1198] 833 834 0 0
E[1199] 733 822 0 0
E[1200] 733 836 0 0
E[1201] 821 822 0 0
E[1202] 834 836 0 0
E[1203] 830 832 0 0
E[1204] 830 837 0 0
E[1205] 835 831 0 0
E[1206] 831 832 0 0
E[1207] 837 838 0 0
E[1208] 625 843 0 0
E[1209] 741 844 0 0
E[1210] 843 844 0 0
E[1211] 845 846 0 0
E[1212] 845 847 0 0
E[1213] 846 850 0 0
E[1214] 847 848 0 0
E[1215] 848 849 0 0
E[1216] 849 851 0 0
E[1217] 861 850 0 0
E[1218] 851 852 0 0
E[1219] 630 845 0 0
E[1220] 749 846 0 0
E[1221] 629 847 0 0
E[1222] 861 748 0 0
E[1223] 745 848 0 0
E[1224] 760 849 0 0
E[1225] 756 851 0 0
E[1226] 457 855 0 0
E[1227] 636 853 0 0
E[1228] 853 855 0 0
E[1229] 626 736 0 0
E[1230] 751 752 0 0
E[1231] 751 860 0 0
E[1232] 549 751 0 0
E[1233] 92 551 0 0
E[1234] 852 863 0 0
E[1235] 861 862 0 0
E[1236] 862 863 0 0
E[1237] 754 863 0 0
E[1238] 850 852 0 0
E[1239] 753 862 0 0
E[1240] 864 865 0 0
E[1241] 865 866 0 0
E[1242] 866 867 0 0
E[1243] 761 867 1 0
E[1244] 768 775 0 0
E[1245] 774 775 0 0
E[1246] 774 864 0 0
E[1247] 773 865 0 0
E[1248] 773 775 0 0
E[1249] 652 769 0 0
E[1250] 652 653 0 0
E[1251] 653 773 0 0
E[1252] 769 771 0 0
E[1253] 771 866 0 0
E[1254] 771 772 0 0
E[1255] 769 869 0 0
E[1256] 770 868 0 0
E[1257] 868 869 0 0
E[1258] 778 870 0 0
E[1259] 868 871 0 0
E[1260] 870 871 0 0
E[1261] 977 869 0 0
E[1262] 871 872 0 0
E[1263] 785 873 0 0
E[1264] 870 876 0 0
E[1265] 873 876 0 0
E[1266] 663 874 0 0
E[1267] 873 874 0 0
E[1268] 810 875 0 0
E[1269] 874 875 0 0
E[1270] 491 879 0 0
E[1271] 494 877 0 0
E[1272] 877 879 0 0
E[1273] 795 878 0 0
E[1274] 877 878 0 0
E[1275] 797 880 0 0
E[1276] 878 880 0 0
E[1277] 881 882 0 0
E[1278] 881 883 0 0
E[1279] 882 884 0 0
E[1280] 883 885 0 0
E[1281] 884 885 0 0
E[1282] 798 801 0 0
E[1283] 800 882 0 0
E[1284] 801 881 0 0
E[1285] 677 801 0 0
E[1286] 880 883 0 0
E[1287] 673 884 0 0
E[1288] 879 885 0 0
E[1289] 824 886 0 0
E[1290] 826 889 0 0
E[1291] 886 889 0 0
E[1292] 664 888 0 0
E[1293] 665 887 0 0
E[1294] 887 888 0 0
E[1295] 888 889 0 0
E[1296] 886 890 0 0
E[1297] 887 891 0 0
E[1298] 890 891 0 0
E[1299] 602 892 0 0
E[1300] 891 892 0 0
E[1301] 675 896 0 0
E[1302] 892 893 0 0
E[1303] 893 895 0 0
E[1304] 895 896 0 0
E[1305] 676 898 0 0
E[1306] 896 898 0 0
E[1307] 816 897 0 0
E[1308] 897 898 0 0
E[1309] 828 829 0 0
E[1310] 828 900 0 0
E[1311] 900 901 0 0
E[1312] 899 902 0 0
E[1313] 901 902 0 0
E[1314] 903 904 0 0
E[1315] 903 905 0 0
E[1316] 904 924 0 0
E[1317] 905 906 0 0
E[1318] 729 903 0 0
E[1319] 907 908 0 1
E[1320] 908 909 0 0
E[1321] 616 907 0 0
E[1322] 616 831 0 1
E[1323] 835 838 0 0
E[1324] 835 908 0 0
E[1325] 566 911 0 0
E[1326] 910 912 0 0
E[1327] 911 913 0 0
E[1328] 912 913 0 0
E[1329] 436 566 0 0
E[1330] 566 910 0 0
E[1331] 622 740 0 0
E[1332] 740 912 0 0
E[1333] 623 914 0 0
E[1334] 740 916 0 0
E[1335] 914 916 0 0
E[1336] 843 915 0 0
E[1337] 914 915 0 0
E[1338] 913 917 0 0
E[1339] 916 917 0 0
E[1340] 577 987 0 0
E[1341] 926 906 0 0
E[1342] 293 918 0 0
E[1343] 458 920 0 0
E[1344] 918 920 0 0
E[1345] 855 919 0 0
E[1346] 918 919 0 0
E[1347] 633 923 0 0
E[1348] 921 922 0 0
E[1349] 856 922 0 0
E[1350] 634 921 0 0
E[1351] 853 854 0 0
E[1352] 923 854 0 0
E[1353] 856 923 0 0
E[1354] 640 731 0 0
E[1355] 857 922 0 -1
E[1356] 856 859 0 0
E[1357] 857 858 0 0
E[1358] 858 859 0 -1
E[1359] 577 926 0 0
E[1360] 926 924 0 0
E[1361] 576 925 0 0
E[1362] 577 925 0 -1
E[1363] 858 904 0 0
E[1364] 830 927 0 0
E[1365] 832 840 0 0
E[1366] 840 928 0 0
E[1367] 927 928 0 0
E[1368] 930 932 0 0
E[1369] 930 931 0 0
E[1370] 931 933 0 0
E[1371] 932 933 0 0
E[1372] 727 930 0 0
E[1373] 890 932 0 0
E[1374] 905 931 0 0
E[1375] 893 894 0 0
E[1376] 894 933 0 0
E[1377] 733 827 0 0
E[1378] 822 936 0 0
E[1379] 827 828 0 0
E[1380] 900 934 0 0
E[1381] 934 936 0 0
E[1382] 820 935 0 0
E[1383] 935 936 0 0
E[1384] 815 937 0 0
E[1385] 935 937 0 0
E[1386] 938 940 0 0
E[1387] 938 939 0 0
E[1388] 939 942 0 0
E[1389] 940 944 0 0
E[1390] 941 942 0 0
E[1391] 941 943 0 0
E[1392] 943 944 0 0
E[1393] 909 939 0 0
E[1394] 838 942 0 0
E[1395] 829 944 0 0
E[1396] 833 837 0 0
E[1397] 836 941 0 0
E[1398] 827 943 0 0
E[1399] 840 841 0 0
E[1400] 841 842 0 0
E[1401] 842 945 0 0
E[1402] 945 946 0 0
E[1403] 842 947 0 0
E[1404] 946 947 0 0
E[1405] 839 929 0 0
E[1406] 839 948 0 0
E[1407] 928 929 0 0
E[1408] 947 948 0 0
E[1409] 946 949 0 0
E[1410] 436 952 0 0
E[1411] 911 950 0 0
E[1412] 950 952 0 0
E[1413] 78 951 0 0
E[1414] 951 952 0 0
E[1415] 953 954 0 0
E[1416] 953 955 0 0
E[1417] 954 956 0 0
E[1418] 955 958 0 0
E[1419] 956 957 0 0
E[1420] 957 958 0 0
E[1421] 854 953 0 0
E[1422] 919 954 0 0
E[1423] 859 955 0 0
E[1424] 920 956 0 0
E[1425] 924 958 0 -1
E[1426] 925 957 0 0
E[1427] 894 961 0 0
E[1428] 906 960 0 0
E[1429] 960 961 0 0
E[1430] 963 964 0 0
E[1431] 963 965 0 0
E[1432] 964 968 0 0
E[1433] 965 966 0 0
E[1434] 966 967 0 0
E[1435] 967 968 0 0
E[1436] 948 963 0 0
E[1437] 949 964 0 0
E[1438] 652 839 0 0
E[1439] 653 965 0 0
E[1440] 768 966 0 0
E[1441] 969 971 0 0
E[1442] 969 970 0 0
E[1443] 970 974 0 0
E[1444] 971 972 0 0
E[1445] 972 973 0 0
E[1446] 973 974 0 0
E[1447] 915 971 0 0
E[1448] 917 969 0 0
E[1449] 950 970 0 0
E[1450] 951 974 0 0
E[1451] 844 972 0 0
E[1452] 744 973 0 0
E[1453] 975 976 0 0
E[1454] 872 975 0 0
E[1455] 976 978 0 0
E[1456] 977 978 0 0
E[1457] 872 977 0 0
E[1458] 876 959 0 0
E[1459] 959 975 0 0
E[1460] 929 978 0 0
E[1461] 979 980 0 0
E[1462] 767 979 0 0
E[1463] 982 980 0 0
E[1464] 981 982 0 0
E[1465] 982 983 0 0
E[1466] 927 979 0 0
E[1467] 976 980 0 0
E[1468] 767 981 0 0
E[1469] 959 983 0 0
E[1470] 983 875 0 0
E[1471] 984 985 0 0
E[1472] 984 987 0 0
E[1473] 985 986 0 0
E[1474] 986 988 0 0
E[1475] 987 988 0 0
E[1476] 960 984 0 0
E[1477] 899 988 0 0
E[1478] 989 990 0 0
E[1479] 989 991 0 0
E[1480] 990 993 0 0
E[1481] 991 992 0 0
E[1482] 992 993 0 0
E[1483] 902 991 0 0
E[1484] 934 989 0 0
E[1485] 986 992 0 0
E[1486] 962 993 0 0
E[1487] 962 985 0 0
E[1488] 994 995 0 0
E[1489] 994 997 0 0
E[1490] 995 999 0 0
E[1491] 996 997 0 0
E[1492] 996 998 0 0
E[1493] 998 999 0 0
E[1494] 961 994 0 0
E[1495] 962 995 0 0
E[1496] 895 997 0 0
E[1497] 990 999 0 0
E[1498] 897 996 0 0
E[1499] 937 998 0 0

C[0] 5 : 526 617 737 739 527  : 0 0 0 0 0  : 0 0 0 0 0  : v 
C[1] 5 : 773 865 864 774 775  : 0 0 0 0 0  : 0 0 0 0 0  : i 
C[2] 6 : 653 773 775 768 966 965  : 0 0 0 0 0 0  : 0 0 0 0 0 0  : v 
C[3] 6 : 4 12 13 5 7 6  : 0 0 0 0 0 0  : 0 0 0 0 0 0  : i 
C[4] 6 : 963 965 966 967 968 964  : 0 0 0 0 0 0  : 0 0 0 0 0 0  : v 
C[5] 4 : 842 947 946 945  : 0 0 0 0  : 0 0 0 0  : v 
C[6] 6 : 275 641 642 568 412 411  : 0 0 0 0 0 0  : 0 0 0 0 0 0  : v 
C[7] 5 : 4 6 477 36 35  : 0 0 0 0 0  : 0 0 0 0 0  : i 
C[8] 6 : 296 298 460 462 464 297  : 0 0 0 0 0 0  : 0 0 0 0 0 0  : v 
C[9] 6 : 652 653 965 963 948 839  : 0 0 0 0 0 0  : 0 0 0 0 0 0  : i 
C[10] 6 : 16 17 14 15 38 37  : 0 0 0 0 0 0  : 0 0 0 0 0 0  : i 
C[11] 5 : 16 18 40 41 17  : 0 0 0 0 0  : 0 0 0 0 0  : i 
C[12] 6 : 654 776 777 687 649 655  : 0 0 0 0 0 0  : 0 0 0 0 0 0  : i 
C[13] 4 : 781 783 782 787  : 0 0 0 0  : 0 0 0 0  : i 
C[14] 6 : 662 683 688 783 781 663  : 0 0 0 0 0 0  : 0 0 0 0 0 0  : i 
C[15] 6 : 776 786 782 783 688 777  : 0 0 0 0 0 0  : 0 0 0 0 0 0  : i 
C[16] 5 : 827 943 944 829 828  : 0 0 0 0 0  : 0 0 0 0 0  : v 
C[17] 5 : 733 836 941 943 827  : 0 0 0 0 0  : 0 0 0 0 0  : i 
C[18] 4 : 815 820 935 937  : 0 0 0 0  : 0 0 0 0  : i 
C[19] 6 : 994 997 996 998 999 995  : 0 0 0 0 0 0  : 0 0 0 0 0 0  : i 
C[20] 6 : 815 937 998 996 897 816  : 0 0 0 0 0 0  : 0 0 0 0 0 0  : i 
C[21] 5 : 962 995 999 990 993  : 0 0 0 0 0  : 0 0 0 0 0  : i 
C[22] 7 : 960 961 994 995 962 985 984  : 0 0 0 0 0 0 0  : 0 0 0 0 0 0 0  : i 
C[23] 5 : 962 993 992 986 985  : 0 0 0 0 0  : 0 0 0 0 0  : i 
C[24] 5 : 814 819 820 815 816  : 0 0 0 0 0  : 0 0 0 0 0  : i 
C[25] 5 : 56 146 147 216 215  : 0 0 0 0 0  : 0 0 0 0 0  : i 
C[26] 4 : 20 127 130 57  : 0 0 0 0  : 0 0 0 0  : i 
C[27] 5 : 370 374 373 371 372  : 0 0 0 0 0  : 0 0 0 0 0  : i 
C[28] 6 : 213 214 215 216 374 370  : 0 0 0 0 0 0  : 0 0 0 0 0 0  : i 
C[29] 6 : 58 214 213 143 218 221  : 0 0 0 0 0 0  : 0 0 0 0 0 0  : i 
C[30] 5 : 604 698 699 790 793  : 0 0 0 0 0  : 0 0 0 0 0  : i 
C[31] 9 : 90 761 867 866 771 772 660 648 199  : 0 0 1 1 1 1 1 1 1  : 0 0 0 0 0 0 0 0 0  : i 
C[32] 5 : 762 763 766 765 764  : 0 0 0 0 0  : 0 0 0 0 0  : i 
C[33] 6 : 307 308 764 765 482 484  : 0 0 0 0 0 0  : 0 0 0 0 0 0  : i 
C[34] 6 : 481 483 484 482 589 592  : 0 0 0 0 0 0  : 0 0 0 0 0 0  : i 
C[35] 4 : 478 479 474 480  : 0 0 0 0  : 0 0 0 0  : i 
C[36] 5 : 474 479 481 592 593  : 0 0 0 0 0  : 0 0 0 0 0  : i 
C[37] 5 : 187 483 481 479 478  : 0 0 0 0 0  : 0 0 0 0 0  : i 
C[38] 5 : 0 1 42 45 44  : 0 0 0 0 0  : 0 0 0 0 0  : i 
C[39] 4 : 29 32 55 53  : 0 0 0 0  : 0 0 0 0  : i 
C[40] 6 : 9 31 30 24 65 66  : 0 0 0 0 0 0  : 0 0 0 0 0 0  : i 
C[41] 5 : 408 410 451 449 450  : 0 0 0 0 0  : 0 0 0 0 0  : i 
C[42] 4 : 10 68 69 33  : 0 0 0 0  : 0 0 0 0  : i 
C[43] 6 : 33 69 70 34 72 75  : 0 0 0 0 0 0  : 0 0 0 0 0 0  : i 
C[44] 8 : 8 9 66 67 10 33 75 74  : 0 0 0 0 0 0 0 0  : 0 0 0 0 0 0 0 0  : i 
C[45] 6 : 76 77 262 78 80 79  : 0 0 0 0 0 0  : 0 0 0 0 0 0  : i 
C[46] 6 : 231 232 543 544 234 233  : 0 0 0 0 0 0  : 0 0 0 0 0 0  : i 
C[47] 6 : 37 2 231 233 18 16  : 0 0 0 0 0 0  : 0 0 0 0 0 0  : i 
C[48] 5 : 597 646 648 660 659  : 0 0 0 0 0  : 0 0 0 0 0  : i 
C[49] 5 : 830 927 928 840 832  : 0 0 0 0 0  : 0 0 0 0 0  : i 
C[50] 5 : 568 642 583 644 569  : 0 0 1 1 1  : 0 0 0 0 1  : v 
C[51] 7 : 597 659 779 780 784 651 650  : 0 0 0 0 0 0 0  : 0 0 0 0 0 0 0  : i 
C[52] 4 : 247 249 432 435  : 0 0 0 0  : 0 0 0 0  : i 
C[53] 5 : 247 264 265 252 249  : 0 0 0 0 0  : 0 0 0 0 0  : i 
C[54] 6 : 900 901 902 991 989 934  : 0 0 0 0 0 0  : 0 0 0 0 0 0  : v 
C[55] 7 : 184 579 899 902 901 557 425  : 0 0 0 0 0 0 0  : 0 1 1 1 1 1 0  : v 
C[56] 7 : 661 662 663 874 875 810 808  : 0 0 0 0 0 0 0  : 0 0 0 0 0 0 0  : i 
C[57] 4 : 661 808 806 689  : 0 0 0 0  : 0 0 0 0  : i 
C[58] 7 : 927 979 980 976 978 929 928  : 0 0 0 0 0 0 0  : 0 0 0 0 0 0 0  : i 
C[59] 5 : 979 767 981 982 980  : 0 0 0 0 0  : 0 0 0 0 0  : i 
C[60] 7 : 184 425 426 239 292 298 296  : 0 0 0 0 0 0 0  : 0 0 0 0 0 0 0  : v 
C[61] 6 : 2 37 38 39 88 89  : 0 0 0 0 0 0  : 0 0 0 0 0 0  : i 
C[62] 5 : 87 867 761 89 88  : 0 1 0 0 0  : 0 0 0 0 0  : i 
C[63] 7 : 778 870 876 873 785 780 779  : 0 0 0 0 0 0 0  : 0 0 0 0 0 0 0  : i 
C[64] 6 : 830 832 831 835 838 837  : 0 0 0 0 0 0  : 0 0 0 0 0 0  : i 
C[65] 7 : 240 341 616 831 832 840 841  : 0 0 0 0 0 0 0  : 0 -1 -1 0 0 0 0  : v 
C[66] 4 : 470 472 473 471  : 0 0 0 0  : 0 0 0 0  : i 
C[67] 5 : 540 584 585 542 541  : 0 1 1 0 0  : 0 0 0 0 0  : i 
C[68] 7 : 306 571 572 542 585 470 471  : 0 0 -1 -1 0 0 0  : 0 0 0 0 0 0 0  : i 
C[69] 6 : 300 301 472 470 585 584  : 0 0 0 0 0 0  : 0 0 0 0 0 0  : i 
C[70] 5 : 199 648 646 197 647  : 0 0 0 0 -1  : 0 0 0 0 0  : i 
C[71] 6 : 663 781 787 785 873 874  : 0 0 0 0 0 0  : 0 0 0 0 0 0  : i 
C[72] 6 : 784 780 785 787 782 786  : 0 0 0 0 0 0  : 0 0 0 0 0 0  : i 
C[73] 5 : 651 784 786 776 654  : 0 0 0 0 0  : 0 0 0 0 0  : i 
C[74] 6 : 766 763 650 651 654 655  : 0 0 0 0 0 0  : 0 0 0 0 0 0  : i 
C[75] 6 : 926 924 904 903 905 906  : 0 0 0 0 0 0  : 0 0 0 0 0 0  : v 
C[76] 6 : 924 926 577 925 957 958  : 0 0 0 0 0 0  : 0 0 0 -1 -1 -1  : v 
C[77] 6 : 577 926 906 960 984 987  : 0 0 0 0 0 0  : 0 0 0 0 0 0  : v 
C[78] 6 : 727 930 931 905 903 729  : 0 0 0 0 0 0  : 0 0 0 0 0 0  : v 
C[79] 4 : 930 932 933 931  : 0 0 0 0  : 0 0 0 0  : i 
C[80] 7 : 755 758 195 757 759 760 756  : 0 0 0 0 0 0 0  : 0 0 0 0 0 0 0  : i 
C[81] 4 : 756 760 849 851  : 0 0 0 0  : 0 0 0 0  : i 
C[82] 5 : 745 848 849 760 759  : 0 0 0 0 0  : 0 0 0 0 0  : i 
C[83] 7 : 195 758 292 239 713 714 518  : 0 0 0 0 0 0 0  : 0 0 0 0 0 0 0  : i 
C[84] 6 : 332 504 506 420 421 345  : 0 0 0 0 0 0  : 0 0 0 0 0 0  : i 
C[85] 5 : 518 714 710 611 519  : 0 0 0 0 0  : 0 0 0 0 0  : v 
C[86] 7 : 553 554 555 630 845 847 629  : 0 0 0 0 0 0 0  : 0 0 0 0 0 0 0  : i 
C[87] 8 : 147 631 630 555 417 373 374 216  : 0 0 0 0 0 0 0 0  : 0 0 0 0 0 0 0 0  : i 
C[88] 8 : 845 846 850 852 851 849 848 847  : 0 0 0 0 0 0 0 0  : 0 0 0 0 0 0 0 0  : i 
C[89] 7 : 292 758 755 643 459 460 298  : 0 0 0 0 0 0 0  : 0 0 0 0 0 0 0  : i 
C[90] 6 : 184 296 297 463 578 579  : 0 0 0 0 0 0  : 0 0 0 0 0 1  : v 
C[91] 4 : 459 461 462 460  : 0 0 0 0  : 0 0 0 0  : i 
C[92] 5 : 989 991 992 993 990  : 0 0 0 0 0  : 0 0 0 0 0  : i 
C[93] 8 : 934 989 990 999 998 937 935 936  : 0 0 0 0 0 0 0 0  : 0 0 0 0 0 0 0 0  : i 
C[94] 7 : 606 607 817 818 693 694 697  : 0 0 0 0 0 0 0  : 0 0 0 0 0 0 0  : i 
C[95] 5 : 692 693 818 819 814  : 0 0 0 0 0  : 0 0 0 0 0  : i 
C[96] 6 : 607 690 811 691 821 817  : 0 0 0 0 0 0  : 0 0 0 0 0 0  : i 
C[97] 9 : 605 684 683 662 661 689 690 607 606  : 0 0 0 0 0 0 0 0 0  : 0 0 0 0 0 0 0 0 0  : i 
C[98] 8 : 817 821 822 936 935 820 819 818  : 0 0 0 0 0 0 0 0  : 0 0 0 0 0 0 0 0  : i 
C[99] 5 : 604 605 606 697 698  : 0 0 0 0 0  : 0 0 0 0 0  : i 
C[100] 7 : 672 692 814 816 897 898 676  : 0 0 0 0 0 0 0  : 0 0 0 0 0 0 0  : i 
C[101] 6 : 671 672 676 677 797 796  : 0 0 0 0 0 0  : 0 0 0 0 0 0  : i 
C[102] 6 : 671 695 694 693 692 672  : 0 0 0 0 0 0  : 0 0 0 0 0 0  : i 
C[103] 6 : 694 695 696 699 698 697  : 0 0 0 0 0 0  : 0 0 0 0 0 0  : i 
C[104] 5 : 795 796 797 880 878  : 0 0 0 0 0  : 0 0 0 0 0  : i 
C[105] 4 : 150 314 496 495  : 0 0 0 0  : 0 0 0 0  : i 
C[106] 7 : 656 685 682 679 680 658 657  : 0 0 0 0 0 0 0  : 0 0 0 0 0 0 0  : i 
C[107] 9 : 681 682 685 686 687 777 688 683 684  : 0 0 0 0 0 0 0 0 0  : 0 0 0 0 0 0 0 0 0  : i 
C[108] 5 : 498 587 686 685 656  : 0 0 0 0 0  : 0 0 0 0 0  : i 
C[109] 5 : 209 210 111 112 110  : 0 0 0 0 0  : 0 0 0 0 0  : i 
C[110] 6 : 19 46 48 415 416 237  : 0 0 0 0 0 0  : 0 0 0 0 0 0  : i 
C[111] 5 : 237 416 554 553 414  : 0 0 0 0 0  : 0 0 0 0 0  : i 
C[112] 5 : 415 417 555 554 416  : 0 0 0 0 0  : 0 0 0 0 0  : i 
C[113] 6 : 47 371 373 417 415 48  : 0 0 0 0 0 0  : 0 0 0 0 0 0  : i 
C[114] 6 : 46 113 112 111 47 48  : 0 0 0 0 0 0  : 0 0 0 0 0 0  : i 
C[115] 6 : 700 701 704 219 705 702  : 0 0 0 0 0 0  : 0 0 0 0 0 0  : i 
C[116] 7 : 150 495 703 702 705 220 217  : 0 0 0 0 0 0 0  : 0 0 0 0 0 0 0  : i 
C[117] 5 : 23 83 82 154 151  : 0 0 0 0 0  : 0 0 0 0 0  : i 
C[118] 5 : 123 125 128 129 124  : 0 0 0 0 0  : 0 0 0 0 0  : i 
C[119] 7 : 197 646 597 650 763 762 487  : 0 0 0 0 0 0 0  : 0 0 0 0 0 0 0  : i 
C[120] 6 : 85 409 86 186 303 299  : 0 0 1 1 1 1  : 0 0 0 0 0 0  : i 
C[121] 6 : 91 738 92 203 354 356  : 0 0 0 0 1 0  : 0 0 0 0 0 0  : v 
C[122] 7 : 482 765 766 655 649 590 589  : 0 0 0 0 0 0 0  : 0 0 0 0 0 0 0  : i 
C[123] 6 : 186 185 476 475 305 303  : 0 0 0 0 0 0  : 0 0 0 0 0 0  : i 
C[124] 6 : 185 188 187 478 480 476  : 0 0 0 0 0 0  : 0 0 0 0 0 0  : i 
C[125] 8 : 480 474 593 594 36 477 475 476  : 0 0 0 0 0 0 0 0  : 0 0 0 0 0 0 0 0  : i 
C[126] 5 : 102 103 104 105 106  : 0 0 0 0 0  : 0 0 0 0 0  : i 
C[127] 6 : 43 102 106 100 44 45  : 0 0 0 0 0 0  : 0 0 0 0 0 0  : i 
C[128] 5 : 99 100 106 105 101  : 0 0 0 0 0  : 0 0 0 0 0  : i 
C[129] 8 : 1 11 12 4 35 107 108 42  : 0 0 0 0 0 0 0 0  : 0 0 0 0 0 0 0 0  : i 
C[130] 6 : 103 109 110 112 113 104  : 0 0 0 0 0 0  : 0 0 0 0 0 0  : i 
C[131] 6 : 19 101 105 104 113 46  : 0 0 0 0 0 0  : 0 0 0 0 0 0  : i 
C[132] 6 : 43 115 114 109 103 102  : 0 0 0 0 0 0  : 0 0 0 0 0 0  : i 
C[133] 6 : 42 108 117 115 43 45  : 0 0 0 0 0 0  : 0 0 0 0 0 0  : i 
C[134] 6 : 118 122 142 121 120 119  : 0 0 0 0 0 0  : 0 0 0 0 0 0  : i 
C[135] 6 : 52 73 122 118 123 124  : 0 0 0 0 0 0  : 0 0 0 0 0 0  : i 
C[136] 5 : 49 125 123 118 119  : 0 0 0 0 0  : 0 0 0 0 0  : i 
C[137] 6 : 126 129 128 131 130 127  : 0 0 0 0 0 0  : 0 0 0 0 0 0  : i 
C[138] 5 : 132 134 135 136 133  : 0 0 0 0 0  : 0 0 0 0 0  : i 
C[139] 6 : 53 55 132 133 155 54  : 0 0 0 0 0 0  : 0 0 0 0 0 0  : i 
C[140] 7 : 8 134 132 55 32 31 9  : 0 0 0 0 0 0 0  : 0 0 0 0 0 0 0  : i 
C[141] 6 : 8 74 73 52 135 134  : 0 0 0 0 0 0  : 0 0 0 0 0 0  : i 
C[142] 8 : 50 51 136 135 52 124 129 126  : 0 0 0 0 0 0 0 0  : 0 0 0 0 0 0 0 0  : i 
C[143] 5 : 139 140 121 142 141  : 0 0 0 0 0  : 0 0 0 0 0  : i 
C[144] 6 : 34 138 137 139 141 72  : 0 0 0 0 0 0  : 0 0 0 0 0 0  : i 
C[145] 7 : 72 141 142 122 73 74 75  : 0 0 0 0 0 0 0  : 0 0 0 0 0 0 0  : i 
C[146] 6 : 49 119 120 148 146 56  : 0 0 0 0 0 0  : 0 0 0 0 0 0  : i 
C[147] 5 : 120 121 140 149 148  : 0 0 0 0 0  : 0 0 0 0 0  : i 
C[148] 7 : 60 151 154 54 155 153 152  : 0 0 0 0 0 0 0  : 0 0 0 0 0 0 0  : i 
C[149] 5 : 50 61 152 153 51  : 0 0 0 0 0  : 0 0 0 0 0  : i 
C[150] 5 : 51 153 155 133 136  : 0 0 0 0 0  : 0 0 0 0 0  : i 
C[151] 5 : 156 63 157 159 158  : 0 0 0 0 0  : 0 0 0 0 0  : i 
C[152] 5 : 20 57 59 156 158  : 0 0 0 0 0  : 0 0 0 0 0  : i 
C[153] 6 : 60 152 61 159 157 62  : 0 0 0 0 0 0  : 0 0 0 0 0 0  : i 
C[154] 7 : 20 158 159 61 50 126 127  : 0 0 0 0 0 0 0  : 0 0 0 0 0 0 0  : i 
C[155] 5 : 23 162 160 84 83  : 0 0 0 0 0  : 0 0 0 0 0  : i 
C[156] 9 : 21 377 161 162 23 151 60 62 22  : 0 0 0 0 0 0 0 0 0  : 0 0 0 0 0 0 0 0 0  : i 
C[157] 4 : 163 165 166 164  : 0 0 0 0  : 0 0 0 0  : i 
C[158] 6 : 26 433 27 165 163 28  : 0 0 0 0 0 0  : 0 0 0 0 0 0  : i 
C[159] 5 : 65 164 166 67 66  : 0 0 0 0 0  : 0 0 0 0 0  : i 
C[160] 7 : 29 53 54 154 82 174 177  : 0 0 0 0 0 0 0  : 0 0 0 0 0 0 0  : i 
C[161] 6 : 24 30 178 176 25 282  : 0 0 0 0 0 0  : 0 0 0 0 0 0  : i 
C[162] 6 : 29 177 178 30 31 32  : 0 0 0 0 0 0  : 0 0 0 0 0 0  : i 
C[163] 4 : 382 540 541 383  : 0 0 0 0  : 0 0 0 0  : i 
C[164] 4 : 230 380 389 384  : 0 0 0 0  : 0 0 0 0  : i 
C[165] 6 : 380 381 382 383 388 389  : 0 0 0 0 0 0  : 0 0 0 0 0 0  : i 
C[166] 4 : 746 747 748 750  : 0 0 0 0  : 0 0 0 0  : i 
C[167] 4 : 445 284 447 446  : 0 0 0 0  : 0 0 0 0  : i 
C[168] 5 : 285 286 287 446 447  : 0 0 0 0 0  : 0 0 0 0 0  : i 
C[169] 5 : 852 850 861 862 863  : 0 0 0 0 0  : 0 0 0 0 0  : i 
C[170] 4 : 753 754 863 862  : 0 0 0 0  : 0 0 0 0  : i 
C[171] 7 : 346 423 418 627 745 759 757  : 0 0 0 0 0 0 0  : 0 0 0 0 0 0 0  : i 
C[172] 7 : 15 527 739 738 91 39 38  : 0 0 0 0 0 0 0  : 0 0 0 0 0 0 0  : i 
C[173] 7 : 14 200 350 351 526 527 15  : 0 0 0 0 0 0 0  : 0 0 0 0 0 0 0  : i 
C[174] 6 : 350 615 613 525 352 351  : 0 0 0 0 0 0  : 0 0 0 0 0 0  : v 
C[175] 6 : 727 729 730 728 823 824  : 0 0 0 0 0 0  : 0 0 0 0 0 0  : v 
C[176] 6 : 613 615 614 728 730 732  : 0 0 0 0 0 0  : 0 0 0 0 0 0  : v 
C[177] 6 : 200 201 202 614 615 350  : 0 0 0 0 0 0  : 0 0 0 0 0 0  : i 
C[178] 5 : 202 825 823 728 614  : 0 0 0 0 0  : 0 0 0 0 0  : i 
C[179] 5 : 400 402 403 718 717  : 0 0 0 0 0  : 0 0 0 0 0  : i 
C[180] 3 : 400 401 402  : 0 0 0  : 0 0 0  : i 
C[181] 6 : 349 520 521 612 724 723  : 0 0 0 0 0 0  : 0 0 0 0 0 0  : i 
C[182] 6 : 167 349 723 722 543 232  : 0 0 0 0 0 0  : 0 0 0 0 0 0  : i 
C[183] 5 : 551 92 738 739 737  : 0 0 0 0 0  : 0 0 0 0 0  : v 
C[184] 7 : 550 552 551 737 617 735 626  : 0 0 0 0 0 0 0  : 0 1 1 1 1 1 0  : v 
C[185] 5 : 612 716 721 726 724  : 0 0 0 0 0  : 0 0 0 0 0  : i 
C[186] 8 : 206 396 397 287 286 539 535 364  : 0 0 0 0 0 0 0 0  : 0 0 0 0 0 0 0 0  : i 
C[187] 8 : 715 717 718 719 720 621 721 716  : 0 0 0 0 0 0 0 0  : 0 0 0 0 0 0 0 0  : i 
C[188] 6 : 206 620 621 720 393 396  : 0 0 0 0 0 0  : 0 0 0 0 0 0  : i 
C[189] 5 : 393 394 395 397 396  : 0 0 0 0 0  : 0 0 0 0 0  : i 
C[190] 5 : 722 723 724 726 725  : 0 0 0 0 0  : 0 0 0 0 0  : i 
C[191] 7 : 894 961 960 906 905 931 933  : 0 0 0 0 0 0 0  : 0 0 0 0 0 0 0  : i 
C[192] 5 : 68 250 248 70 69  : 0 0 0 0 0  : 0 0 0 0 0  : i 
C[193] 4 : 637 638 640 639  : 0 0 0 0  : 0 1 1 0  : v 
C[194] 6 : 525 613 732 731 640 638  : 0 0 0 0 0 0  : 0 0 0 0 0 0  : v 
C[195] 8 : 752 558 637 639 921 634 624 625  : 0 0 0 0 0 0 0 0  : 0 0 0 0 0 0 0 0  : v 
C[196] 8 : 257 276 275 411 549 623 622 437  : 0 0 0 0 0 0 0 0  : 0 0 0 0 0 0 0 0  : i 
C[197] 7 : 652 769 771 866 865 773 653  : 0 0 0 0 0 0 0  : 0 0 0 0 0 0 0  : i 
C[198] 6 : 659 660 772 770 778 779  : 0 0 0 0 0 0  : 0 0 0 0 0 0  : i 
C[199] 8 : 110 109 114 503 502 500 208 209  : 0 0 0 0 0 0 0 0  : 0 0 0 0 0 0 0 0  : i 
C[200] 5 : 616 907 908 835 831  : 0 0 0 0 0  : 0 0 1 1 1  : v 
C[201] 6 : 611 710 712 909 908 907  : 0 0 0 0 0 0  : 0 0 0 1 1 0  : v 
C[202] 7 : 833 837 838 942 941 836 834  : 0 0 0 0 0 0 0  : 0 0 0 0 0 0 0  : i 
C[203] 6 : 838 835 908 909 939 942  : 0 0 0 0 0 0  : 0 0 0 0 0 0  : v 
C[204] 7 : 733 827 828 900 934 936 822  : 0 0 0 0 0 0 0  : 0 0 0 0 0 0 0  : i 
C[205] 5 : 557 901 900 828 829  : 0 0 0 0 0  : 0 0 0 0 0  : v 
C[206] 4 : 514 515 517 516  : 0 0 0 0  : 0 0 0 0  : v 
C[207] 8 : 241 335 609 610 343 337 517 515  : 0 0 0 0 0 0 0 0  : 0 0 0 0 0 0 0 0  : i 
C[208] 6 : 337 336 339 338 516 517  : 0 0 0 0 0 0  : 0 0 0 0 0 0  : v 
C[209] 8 : 338 339 340 519 611 907 616 341  : 0 0 0 0 0 0 0 0  : 0 0 0 0 0 0 0 0  : v 
C[210] 7 : 757 195 518 519 340 347 346  : 0 0 0 0 0 0 0  : 0 0 0 0 0 0 0  : i 
C[211] 6 : 244 245 246 945 946 949  : 0 0 0 0 0 0  : 0 0 0 1 1 1  : v 
C[212] 8 : 242 244 949 964 968 645 559 243  : 0 0 0 0 0 0 0 0  : 0 0 1 1 1 0 0 0  : v 
C[213] 6 : 241 515 514 245 244 242  : 0 0 0 0 0 0  : 0 0 0 0 0 0  : v 
C[214] 7 : 240 246 245 514 516 338 341  : 0 0 0 0 0 0 0  : 0 -1 -1 -1 -1 -1 -1  : v 
C[215] 5 : 240 841 842 945 246  : 0 0 0 0 0  : 0 0 0 0 -1  : v 
C[216] 6 : 691 811 813 812 833 834  : 0 0 0 0 0 0  : 0 0 0 0 0 0  : i 
C[217] 6 : 691 834 836 733 822 821  : 0 0 0 0 0 0  : 0 0 0 0 0 0  : i 
C[218] 8 : 839 948 947 842 841 840 928 929  : 0 0 0 0 0 0 0 0  : 0 0 0 0 0 0 0 0  : i 
C[219] 6 : 947 948 963 964 949 946  : 0 0 0 0 0 0  : 0 0 0 0 0 0  : v 
C[220] 7 : 317 501 805 804 794 791 792  : 0 0 0 0 0 0 0  : 0 0 0 0 0 0 0  : i 
C[221] 6 : 208 500 678 501 317 318  : 0 0 0 0 0 0  : 0 0 0 0 0 0  : i 
C[222] 4 : 802 804 805 803  : 0 0 0 0  : 0 0 0 0  : i 
C[223] 5 : 243 559 560 429 430  : 0 0 0 0 0  : 0 0 0 0 0  : v 
C[224] 5 : 562 564 565 563 428  : 0 0 0 0 0  : 0 0 0 0 0  : i 
C[225] 4 : 563 565 430 429  : 0 0 0 0  : 0 0 0 0  : i 
C[226] 7 : 335 241 242 243 430 565 564  : 0 0 0 0 0 0 0  : 0 0 0 0 0 0 0  : i 
C[227] 6 : 602 675 896 895 893 892  : 0 0 0 0 0 0  : 0 0 0 0 0 0  : i 
C[228] 5 : 375 376 378 161 377  : 0 0 0 0 0  : 0 0 0 0 0  : i 
C[229] 6 : 769 869 868 770 772 771  : 0 0 0 0 0 0  : 0 0 0 0 0 0  : i 
C[230] 5 : 251 252 265 454 455  : 0 0 0 0 0  : 0 0 0 0 0  : i 
C[231] 6 : 431 27 433 434 435 432  : 0 0 0 0 0 0  : 0 0 0 0 0 0  : i 
C[232] 6 : 26 79 80 71 434 433  : 0 0 0 0 0 0  : 0 0 0 0 0 0  : i 
C[233] 7 : 248 250 431 432 249 252 251  : 0 0 0 0 0 0 0  : 0 0 0 0 0 0 0  : i 
C[234] 5 : 3 5 13 190 189  : 0 0 0 0 0  : 0 0 0 0 0  : i 
C[235] 6 : 893 895 997 994 961 894  : 0 0 0 0 0 0  : 0 0 0 0 0 0  : i 
C[236] 10 : 574 576 925 577 987 988 899 579 578 575  : 0 0 0 0 0 0 0 0 0 0  : 0 0 0 1 1 1 1 1 0 0  : v 
C[237] 6 : 981 767 812 813 807 809  : 0 0 0 0 0 0  : 0 0 0 0 0 0  : i 
C[238] 7 : 767 979 927 830 837 833 812  : 0 0 0 0 0 0 0  : 0 0 0 0 0 0 0  : i 
C[239] 6 : 809 810 875 983 982 981  : 0 0 0 0 0 0  : 0 0 0 0 0 0  : i 
C[240] 5 : 806 808 810 809 807  : 0 0 0 0 0  : 0 0 0 0 0  : i 
C[241] 6 : 689 806 807 813 811 690  : 0 0 0 0 0 0  : 0 0 0 0 0 0  : i 
C[242] 6 : 709 711 712 710 714 713  : 0 0 0 0 0 0  : 0 0 0 0 0 0  : v 
C[243] 5 : 239 426 556 709 713  : 0 0 0 0 0  : 0 0 0 0 0  : v 
C[244] 5 : 413 414 553 629 628  : 0 0 0 0 0  : 0 0 0 0 0  : i 
C[245] 6 : 627 628 629 847 848 745  : 0 0 0 0 0 0  : 0 0 0 0 0 0  : i 
C[246] 6 : 630 631 632 749 846 845  : 0 0 0 0 0 0  : 0 0 0 0 0 0  : i 
C[247] 6 : 748 861 850 846 749 750  : 0 0 0 0 0 0  : 0 0 0 0 0 0  : i 
C[248] 9 : 137 290 746 750 749 632 149 140 139  : 0 0 0 0 0 0 0 0 0  : 0 0 0 0 0 0 0 0 0  : i 
C[249] 5 : 673 884 882 800 674  : 0 0 0 0 0  : 0 0 0 0 0  : i 
C[250] 7 : 96 97 227 312 673 674 489  : 0 0 0 0 0 0 0  : 0 0 0 0 0 0 0  : i 
C[251] 6 : 238 413 628 627 418 419  : 0 0 0 0 0 0  : 0 0 0 0 0 0  : i 
C[252] 7 : 114 115 117 311 310 116 503  : 0 0 0 0 0 0 0  : 0 0 0 0 0 0 0  : i 
C[253] 5 : 500 502 658 680 678  : 0 0 0 0 0  : 0 0 0 0 0  : i 
C[254] 6 : 116 319 657 658 502 503  : 0 0 0 0 0 0  : 0 0 0 0 0 0  : i 
C[255] 5 : 770 868 871 870 778  : 0 0 0 0 0  : 0 0 0 0 0  : i 
C[256] 6 : 573 753 862 861 748 747  : 0 0 0 0 0 0  : 0 0 0 0 0 0  : i 
C[257] 5 : 346 347 348 424 423  : 0 0 0 0 0  : 0 0 0 0 0  : i 
C[258] 5 : 868 869 977 872 871  : 0 0 0 0 0  : 0 0 0 0 0  : i 
C[259] 6 : 26 28 277 278 76 79  : 0 0 0 0 0 0  : 0 0 0 0 0 0  : i 
C[260] 6 : 14 17 41 93 201 200  : 0 0 0 0 0 0  : 0 0 0 0 0 0  : i 
C[261] 4 : 706 707 608 708  : 0 0 0 0  : 0 0 0 0  : i 
C[262] 6 : 332 345 344 707 706 510  : 0 0 0 0 0 0  : 0 0 0 0 0 0  : i 
C[263] 6 : 3 189 473 472 301 302  : 0 0 0 0 0 0  : 0 0 0 0 0 0  : i 
C[264] 8 : 85 299 300 584 540 382 381 379  : 0 1 1 1 0 0 0 0  : 0 0 0 0 0 0 0 0  : i 
C[265] 4 : 355 529 774 864  : 0 0 1 1  : 0 0 0 0  : i 
C[266] 6 : 87 355 864 865 866 867  : 0 0 1 1 1 1  : 0 0 0 0 0 0  : i 
C[267] 6 : 354 768 775 774 529 356  : 0 0 0 0 -1 -1  : 0 0 0 0 0 0  : v 
C[268] 6 : 858 904 924 958 955 859  : 0 0 0 0 0 0  : 0 0 0 -1 -1 -1  : v 
C[269] 4 : 295 458 576 574  : 0 0 0 0  : 0 0 0 0  : v 
C[270] 8 : 729 903 904 858 857 731 732 730  : 0 0 0 0 0 0 0 0  : 0 0 0 0 0 0 0 0  : v 
C[271] 6 : 727 824 886 890 932 930  : 0 0 0 0 0 0  : 0 0 0 0 0 0  : i 
C[272] 6 : 823 825 826 889 886 824  : 0 0 0 0 0 0  : 0 0 0 0 0 0  : i 
C[273] 4 : 94 359 358 205  : 0 0 0 0  : 0 0 0 0  : i 
C[274] 6 : 633 923 854 853 636 635  : 0 0 0 0 0 0  : 0 0 0 0 0 0  : i 
C[275] 7 : 264 742 743 635 636 454 265  : 0 0 0 0 0 0 0  : 0 0 0 0 0 0 0  : i 
C[276] 6 : 639 640 731 857 922 921  : 0 0 0 0 0 0  : 0 1 1 1 0 0  : v 
C[277] 6 : 633 634 921 922 856 923  : 0 0 0 0 0 0  : 0 0 0 0 0 0  : v 
C[278] 5 : 856 922 857 858 859  : 0 0 0 0 0  : 0 0 1 1 0  : v 
C[279] 6 : 854 923 856 859 955 953  : 0 0 0 0 0 0  : 0 0 0 0 0 0  : v 
C[280] 7 : 454 636 853 855 457 456 455  : 0 0 0 0 0 0 0  : 0 0 0 0 0 0 0  : i 
C[281] 5 : 556 940 938 711 709  : 0 0 0 0 0  : 0 1 1 0 0  : v 
C[282] 7 : 425 557 829 944 940 556 426  : 0 0 0 0 0 0 0  : 0 1 1 1 1 0 0  : v 
C[283] 5 : 711 938 939 909 712  : 0 0 0 0 0  : 0 1 1 1 0  : v 
C[284] 7 : 938 940 944 943 941 942 939  : 0 0 0 0 0 0 0  : 0 0 0 0 0 0 0  : v 
C[285] 5 : 196 342 422 424 348  : 0 0 0 0 0  : 0 0 0 0 0  : i 
C[286] 7 : 342 343 610 344 345 421 422  : 0 0 0 0 0 0 0  : 0 0 0 0 0 0 0  : i 
C[287] 5 : 196 336 337 343 342  : 0 0 0 0 0  : 0 0 0 0 0  : i 
C[288] 6 : 196 348 347 340 339 336  : 0 0 0 0 0 0  : 0 0 0 0 0 0  : i 
C[289] 5 : 238 419 420 506 507  : 0 0 0 0 0  : 0 0 0 0 0  : i 
C[290] 7 : 418 423 424 422 421 420 419  : 0 0 0 0 0 0 0  : 0 0 0 0 0 0 0  : i 
C[291] 5 : 137 138 212 291 290  : 0 0 0 0 0  : 0 0 0 0 0  : i 
C[292] 5 : 463 297 464 467 469  : 0 0 0 0 0  : 0 0 0 0 0  : v 
C[293] 5 : 463 469 468 575 578  : 0 0 0 0 0  : 0 0 0 0 0  : v 
C[294] 5 : 465 468 469 467 466  : 0 0 0 0 0  : 0 0 0 0 0  : i 
C[295] 6 : 294 295 574 575 468 465  : 0 0 0 0 0 0  : 0 0 0 0 0 0  : v 
C[296] 7 : 666 667 788 789 670 669 668  : 0 0 0 0 0 0 0  : 0 0 0 0 0 0 0  : i 
C[297] 7 : 669 670 696 695 671 796 795  : 0 0 0 0 0 0 0  : 0 0 0 0 0 0 0  : i 
C[298] 7 : 313 668 669 795 878 877 494  : 0 0 0 0 0 0 0  : 0 0 0 0 0 0 0  : i 
C[299] 5 : 670 789 790 699 696  : 0 0 0 0 0  : 0 0 0 0 0  : i 
C[300] 5 : 313 701 700 666 668  : 0 0 0 0 0  : 0 0 0 0 0  : i 
C[301] 6 : 788 791 794 793 790 789  : 0 0 0 0 0 0  : 0 0 0 0 0 0  : i 
C[302] 7 : 495 496 792 791 788 667 703  : 0 0 0 0 0 0 0  : 0 0 0 0 0 0 0  : i 
C[303] 5 : 666 700 702 703 667  : 0 0 0 0 0  : 0 0 0 0 0  : i 
C[304] 6 : 677 801 881 883 880 797  : 0 0 0 0 0 0  : 0 0 0 0 0 0  : i 
C[305] 9 : 19 237 414 413 238 507 508 99 101  : 0 0 0 0 0 0 0 0 0  : 0 0 0 0 0 0 0 0 0  : i 
C[306] 5 : 144 145 211 316 315  : 0 0 0 0 0  : 0 0 0 0 0  : i 
C[307] 6 : 208 318 316 211 210 209  : 0 0 0 0 0 0  : 0 0 0 0 0 0  : i 
C[308] 7 : 314 315 316 318 317 792 496  : 0 0 0 0 0 0 0  : 0 0 0 0 0 0 0  : i 
C[309] 7 : 143 144 315 314 150 217 218  : 0 0 0 0 0 0 0  : 0 0 0 0 0 0 0  : i 
C[310] 6 : 143 213 370 372 145 144  : 0 0 0 0 0 0  : 0 0 0 0 0 0  : i 
C[311] 7 : 47 111 210 211 145 372 371  : 0 0 0 0 0 0 0  : 0 0 0 0 0 0 0  : i 
C[312] 6 : 877 878 880 883 885 879  : 0 0 0 0 0 0  : 0 0 0 0 0 0  : i 
C[313] 5 : 881 882 884 885 883  : 0 0 0 0 0  : 0 0 0 0 0  : i 
C[314] 6 : 312 491 879 885 884 673  : 0 0 0 0 0 0  : 0 0 0 0 0 0  : i 
C[315] 5 : 217 220 222 221 218  : 0 0 0 0 0  : 0 0 0 0 0  : i 
C[316] 7 : 57 130 131 58 221 222 59  : 0 0 0 0 0 0 0  : 0 0 0 0 0 0 0  : i 
C[317] 7 : 59 222 220 705 219 63 156  : 0 0 0 0 0 0 0  : 0 0 0 0 0 0 0  : i 
C[318] 8 : 49 56 215 214 58 131 128 125  : 0 0 0 0 0 0 0 0  : 0 0 0 0 0 0 0 0  : i 
C[319] 8 : 604 793 794 804 802 681 684 605  : 0 0 0 0 0 0 0 0  : 0 0 0 0 0 0 0 0  : i 
C[320] 6 : 501 678 680 679 803 805  : 0 0 0 0 0 0  : 0 0 0 0 0 0  : i 
C[321] 5 : 679 682 681 802 803  : 0 0 0 0 0  : 0 0 0 0 0  : i 
C[322] 6 : 86 407 485 188 185 186  : 0 0 0 0 0 0  : 0 0 0 0 0 0  : i 
C[323] 6 : 543 722 725 619 390 544  : 0 0 0 0 0 0  : 0 0 0 0 0 0  : i 
C[324] 7 : 618 619 725 726 721 621 620  : 0 0 0 0 0 0 0  : 0 0 0 0 0 0 0  : i 
C[325] 7 : 71 744 742 264 247 435 434  : 0 0 0 0 0 0 0  : 0 0 0 0 0 0 0  : i 
C[326] 8 : 81 285 447 284 174 82 83 84  : 0 0 0 0 0 0 0 0  : 0 0 0 0 0 0 0 0  : i 
C[327] 6 : 64 538 539 286 285 81  : 0 0 0 0 0 0  : 0 0 0 0 0 0  : i 
C[328] 7 : 39 91 356 529 355 87 88  : 0 0 0 0 0 0 0  : 0 0 0 0 0 0 0  : i 
C[329] 6 : 6 7 304 305 475 477  : 0 0 0 0 0 0  : 0 0 0 0 0 0  : i 
C[330] 8 : 589 590 591 596 595 594 593 592  : 0 0 0 0 0 0 0 0  : 0 0 0 0 0 0 0 0  : i 
C[331] 6 : 35 36 594 595 309 107  : 0 0 0 0 0 0  : 0 0 0 0 0 0  : i 
C[332] 5 : 624 741 844 843 625  : 0 0 0 0 0  : 0 0 0 0 0  : v 
C[333] 7 : 64 81 84 160 228 229 223  : 0 0 0 0 0 0 0  : 0 0 0 0 0 0 0  : i 
C[334] 7 : 2 89 761 90 167 232 231  : 0 0 0 0 0 0 0  : 0 0 0 0 0 0 0  : i 
C[335] 5 : 18 233 234 95 40  : 0 0 0 0 0  : 0 0 0 0 0  : i 
C[336] 5 : 107 309 311 117 108  : 0 0 0 0 0  : 0 0 0 0 0  : i 
C[337] 7 : 187 188 485 486 307 484 483  : 0 0 0 0 0 0 0  : 0 0 0 0 0 0 0  : i 
C[338] 4 : 545 547 548 546  : 0 0 0 0  : 0 0 0 0  : i 
C[339] 5 : 448 449 451 452 453  : 0 0 0 0 0  : 0 0 0 0 0  : i 
C[340] 7 : 168 450 449 448 288 236 235  : 0 0 0 0 0 0 0  : 0 0 0 0 0 0 0  : i 
C[341] 6 : 288 448 453 545 546 399  : 0 0 0 0 0 0  : 0 0 0 0 0 0  : i 
C[342] 6 : 853 854 953 954 919 855  : 0 0 0 0 0 0  : 0 0 0 0 0 0  : i 
C[343] 5 : 407 86 409 410 408  : 0 0 -1 -1 -1  : 0 0 0 0 0  : i 
C[344] 5 : 253 259 258 256 255  : 0 0 0 0 0  : 0 0 0 0 0  : i 
C[345] 6 : 77 254 255 256 263 262  : 0 0 0 0 0 0  : 0 0 0 0 0 0  : i 
C[346] 5 : 253 267 266 260 259  : 0 0 0 0 0  : 0 0 0 0 0  : i 
C[347] 5 : 253 255 254 269 267  : 0 0 0 0 0  : 0 0 0 0 0  : i 
C[348] 6 : 387 270 271 272 274 273  : 0 0 0 0 0 0  : 0 0 0 0 0 0  : i 
C[349] 6 : 170 261 260 266 274 272  : 0 0 0 0 0 0  : 0 0 0 0 0 0  : i 
C[350] 6 : 266 267 269 268 273 274  : 0 0 0 0 0 0  : 0 0 0 0 0 0  : i 
C[351] 7 : 76 278 279 268 269 254 77  : 0 0 0 0 0 0 0  : 0 0 0 0 0 0 0  : i 
C[352] 6 : 281 280 175 173 181 180  : 0 0 0 0 0 0  : 0 0 0 0 0 0  : i 
C[353] 4 : 176 175 280 25  : 0 0 0 0  : 0 0 0 0  : i 
C[354] 8 : 24 282 283 277 28 163 164 65  : 0 0 0 0 0 0 0 0  : 0 0 0 0 0 0 0 0  : i 
C[355] 7 : 171 172 179 379 381 380 230  : 0 0 0 0 0 0 0  : 0 0 0 0 0 0 0  : i 
C[356] 6 : 146 148 149 632 631 147  : 0 0 0 0 0 0  : 0 0 0 0 0 0  : i 
C[357] 7 : 643 755 756 851 852 863 754  : 0 0 0 0 0 0 0  : 0 0 0 0 0 0 0  : i 
C[358] 6 : 309 595 596 488 310 311  : 0 0 0 0 0 0  : 0 0 0 0 0 0  : i 
C[359] 5 : 608 707 344 610 609  : 0 0 0 0 0  : 0 0 0 0 0  : i 
C[360] 6 : 235 236 404 403 402 401  : 0 0 0 0 0 0  : 0 0 0 0 0 0  : i 
C[361] 4 : 626 735 734 736  : 0 0 0 0  : 0 1 1 0  : v 
C[362] 6 : 353 558 752 751 860 528  : 0 0 0 0 0 0  : 0 -1 -1 -1 -1 0  : v 
C[363] 8 : 351 352 353 528 734 735 617 526  : 0 0 0 0 0 0 0 0  : 0 0 0 0 0 0 0 0  : v 
C[364] 4 : 528 860 736 734  : 0 0 0 0  : 0 -1 -1 0  : v 
C[365] 6 : 352 525 638 637 558 353  : 0 0 0 0 0 0  : 0 0 0 -1 -1 0  : v 
C[366] 8 : 411 412 550 626 736 860 751 549  : 0 0 0 0 0 0 0 0  : 0 0 0 0 0 0 0 0  : v 
C[367] 5 : 622 623 914 916 740  : 0 0 0 0 0  : 0 0 0 0 0  : v 
C[368] 8 : 34 70 248 251 455 456 212 138  : 0 0 0 0 0 0 0 0  : 0 0 0 0 0 0 0 0  : i 
C[369] 6 : 206 364 363 391 618 620  : 0 0 0 0 0 0  : 0 0 0 0 0 0  : i 
C[370] 6 : 98 534 392 391 363 361  : 0 0 0 0 0 0  : 0 0 0 0 0 0  : i 
C[371] 6 : 398 406 405 399 546 548  : 0 0 0 0 0 0  : 0 0 0 0 0 0  : i 
C[372] 6 : 403 404 405 406 719 718  : 0 0 0 0 0 0  : 0 0 0 0 0 0  : i 
C[373] 6 : 393 720 719 406 398 394  : 0 0 0 0 0 0  : 0 0 0 0 0 0  : i 
C[374] 6 : 182 395 394 398 548 547  : 0 0 0 0 0 0  : 0 0 0 0 0 0  : i 
C[375] 8 : 183 461 459 643 754 753 573 289  : 0 0 0 0 0 0 0 0  : 0 0 0 0 0 0 0 0  : i 
C[376] 9 : 179 172 180 181 182 547 545 453 452  : 0 0 0 0 0 0 0 0 0  : 0 0 0 0 0 0 0 0 0  : i 
C[377] 8 : 173 445 446 287 397 395 182 181  : 0 0 0 0 0 0 0 0  : 0 0 0 0 0 0 0 0  : i 
C[378] 8 : 549 751 752 625 843 915 914 623  : 0 0 0 0 0 0 0 0  : 0 0 0 0 0 0 0 0  : v 
C[379] 6 : 78 262 263 436 952 951  : 0 0 0 0 0 0  : 0 0 0 0 0 0  : i 
C[380] 4 : 441 443 444 442  : 0 0 0 0  : 0 0 0 0  : i 
C[381] 6 : 171 443 441 281 180 172  : 0 0 0 0 0 0  : 0 0 0 0 0 0  : i 
C[382] 7 : 256 258 438 910 566 436 263  : 0 0 0 0 0 0 0  : 0 0 0 0 0 0 0  : i 
C[383] 7 : 587 588 591 590 649 687 686  : 0 0 0 0 0 0 0  : 0 0 0 0 0 0 0  : i 
C[384] 6 : 870 871 872 975 959 876  : 0 0 0 0 0 0  : 0 0 0 0 0 0  : i 
C[385] 6 : 959 975 976 980 982 983  : 0 0 0 0 0 0  : 0 0 0 0 0 0  : i 
C[386] 5 : 975 872 977 978 976  : 0 0 0 0 0  : 0 0 0 0 0  : i 
C[387] 6 : 873 876 959 983 875 874  : 0 0 0 0 0 0  : 0 0 0 0 0 0  : i 
C[388] 7 : 652 839 929 978 977 869 769  : 0 0 0 0 0 0 0  : 0 0 0 0 0 0 0  : i 
C[389] 7 : 299 303 305 304 302 301 300  : 0 0 0 0 0 0 0  : 0 0 0 0 0 0 0  : i 
C[390] 5 : 0 328 329 11 1  : 0 0 0 0 0  : 0 0 0 0 0  : i 
C[391] 5 : 225 226 362 536 537  : 0 0 0 0 0  : 0 0 0 0 0  : i 
C[392] 6 : 361 363 364 535 536 362  : 0 0 0 0 0 0  : 0 0 0 0 0 0  : i 
C[393] 5 : 535 539 538 537 536  : 0 0 0 0 0  : 0 0 0 0 0  : i 
C[394] 6 : 97 98 361 362 226 227  : 0 0 0 0 0 0  : 0 0 0 0 0 0  : i 
C[395] 5 : 64 223 225 537 538  : 0 0 0 0 0  : 0 0 0 0 0  : i 
C[396] 9 : 223 229 224 490 491 312 227 226 225  : 0 0 0 0 0 0 0 0 0  : 0 0 0 0 0 0 0 0 0  : i 
C[397] 5 : 228 378 376 224 229  : 0 0 0 0 0  : 0 0 0 0 0  : i 
C[398] 5 : 224 376 375 493 490  : 0 0 0 0 0  : 0 0 0 0 0  : i 
C[399] 5 : 3 302 304 7 5  : 0 0 0 0 0  : 0 0 0 0 0  : i 
C[400] 6 : 171 230 384 385 444 443  : 0 0 0 0 0 0  : 0 0 0 0 0 0  : i 
C[401] 7 : 741 743 742 744 973 972 844  : 0 0 0 0 0 0 0  : 0 0 0 0 0 0 0  : i 
C[402] 6 : 624 634 633 635 743 741  : 0 0 0 0 0 0  : 0 0 0 0 0 0  : i 
C[403] 6 : 969 971 972 973 974 970  : 0 0 0 0 0 0  : 0 0 0 0 0 0  : i 
C[404] 5 : 950 970 974 951 952  : 0 0 0 0 0  : 0 0 0 0 0  : i 
C[405] 4 : 320 321 323 322  : 0 0 0 0  : 0 0 0 0  : i 
C[406] 6 : 192 325 326 193 323 321  : 0 0 0 0 0 0  : 0 0 0 0 0 0  : i 
C[407] 7 : 11 329 330 191 190 13 12  : 0 0 0 0 0 0 0  : 0 0 0 0 0 0 0  : i 
C[408] 7 : 191 330 331 194 192 321 320  : 0 0 0 0 0 0 0  : 0 0 0 0 0 0 0  : i 
C[409] 7 : 327 333 334 331 330 329 328  : 0 0 0 0 0 0 0  : 0 0 0 0 0 0 0  : i 
C[410] 7 : 890 891 892 893 894 933 932  : 0 0 0 0 0 0 0  : 0 0 0 0 0 0 0  : i 
C[411] 6 : 192 194 512 511 324 325  : 0 0 0 0 0 0  : 0 0 0 0 0 0  : i 
C[412] 5 : 194 331 334 513 512  : 0 0 0 0 0  : 0 0 0 0 0  : i 
C[413] 5 : 984 985 986 988 987  : 0 0 0 0 0  : 0 0 0 0 0  : v 
C[414] 6 : 899 988 986 992 991 902  : 0 0 0 0 0 0  : 0 0 0 0 0 0  : v 
C[415] 5 : 268 279 386 387 273  : 0 0 0 0 0  : 0 0 0 0 0  : i 
C[416] 7 : 270 388 383 541 542 572 271  : 0 0 0 0 0 0 0  : 0 0 0 0 0 0 0  : i 
C[417] 7 : 203 204 567 967 966 768 354  : 0 0 1 1 1 1 1  : 0 0 0 0 0 0 0  : v 
C[418] 6 : 567 569 644 645 968 967  : 0 0 0 0 0 0  : 0 0 -1 -1 0 0  : v 
C[419] 6 : 559 645 644 583 561 560  : 0 0 0 0 0 0  : 0 0 0 0 0 0  : v 
C[420] 5 : 427 561 583 642 641  : 0 0 0 -1 -1  : 0 0 0 0 0  : v 
C[421] 7 : 40 95 360 359 94 93 41  : 0 0 0 0 0 0 0  : 0 0 0 0 0 0 0  : i 
C[422] 7 : 280 281 441 442 283 282 25  : 0 0 0 0 0 0 0  : 0 0 0 0 0 0 0  : i 
C[423] 8 : 277 283 442 444 385 386 279 278  : 0 0 0 0 0 0 0 0  : 0 0 0 0 0 0 0 0  : i 
C[424] 7 : 384 389 388 270 387 386 385  : 0 0 0 0 0 0 0  : 0 0 0 0 0 0 0  : i 
C[425] 5 : 207 598 357 531 533  : 0 0 0 0 0  : 0 0 0 0 0  : i 
C[426] 6 : 96 207 533 534 98 97  : 0 0 0 0 0 0  : 0 0 0 0 0 0  : i 
C[427] 5 : 918 919 954 956 920  : 0 0 0 0 0  : 0 0 0 0 0  : i 
C[428] 6 : 293 918 920 458 295 294  : 0 0 0 0 0 0  : 0 0 0 0 0 0  : i 
C[429] 6 : 953 955 958 957 956 954  : 0 0 0 0 0 0  : 0 0 0 0 0 0  : v 
C[430] 6 : 458 920 956 957 925 576  : 0 0 0 0 0 0  : 0 0 0 0 0 0  : v 
C[431] 6 : 530 532 392 534 533 531  : 0 0 0 0 0 0  : 0 0 0 0 0 0  : i 
C[432] 7 : 357 599 358 359 360 530 531  : 0 0 0 0 0 0 0  : 0 0 0 0 0 0 0  : i 
C[433] 7 : 95 234 544 390 532 530 360  : 0 0 0 0 0 0 0  : 0 0 0 0 0 0 0  : i 
C[434] 6 : 390 619 618 391 392 532  : 0 0 0 0 0 0  : 0 0 0 0 0 0  : i 
C[435] 4 : 664 665 887 888  : 0 0 0 0  : 0 0 0 0  : i 
C[436] 7 : 205 358 599 664 888 889 826  : 0 0 0 0 0 0 0  : 0 0 0 0 0 0 0  : i 
C[437] 6 : 886 889 888 887 891 890  : 0 0 0 0 0 0  : 0 0 0 0 0 0  : i 
C[438] 6 : 895 896 898 897 996 997  : 0 0 0 0 0 0  : 0 0 0 0 0 0  : i 
C[439] 6 : 212 456 457 369 367 291  : 0 0 0 0 0 0  : 0 0 0 0 0 0  : i 
C[440] 7 : 293 368 369 457 855 919 918  : 0 0 0 0 0 0 0  : 0 0 0 0 0 0 0  : i 
C[441] 4 : 327 509 505 333  : 0 0 0 0  : 0 0 0 0  : i 
C[442] 8 : 0 44 100 99 508 509 327 328  : 0 0 0 0 0 0 0 0  : 0 0 0 0 0 0 0 0  : i 
C[443] 6 : 504 505 509 508 507 506  : 0 0 0 0 0 0  : 0 0 0 0 0 0  : i 
C[444] 7 : 675 798 801 677 676 898 896  : 0 0 0 0 0 0 0  : 0 0 0 0 0 0 0  : i 
C[445] 8 : 173 175 176 178 177 174 284 445  : 0 0 0 0 0 0 0 0  : 0 0 0 0 0 0 0 0  : i 
C[446] 7 : 522 524 523 715 716 612 521  : 0 0 -1 -1 -1 -1 -1  : 0 0 0 0 0 0 0  : i 
C[447] 6 : 647 197 487 522 521 520  : 0 1 1 1 0 0  : 0 0 0 0 0 0  : i 
C[448] 6 : 308 524 522 487 762 764  : 0 0 0 0 0 0  : 0 0 0 0 0 0  : i 
C[449] 6 : 198 523 524 308 307 486  : 0 -1 0 0 0 0  : 0 0 0 0 0 0  : i 
C[450] 7 : 85 379 179 452 451 410 409  : 0 0 0 0 0 0 0  : 0 0 0 0 0 0 0  : i 
C[451] 8 : 189 190 191 320 322 306 471 473  : 0 0 0 0 0 0 0 0  : 0 0 0 0 0 0 0 0  : i 
C[452] 8 : 564 562 324 511 708 608 609 335  : 0 0 0 0 0 0 0 0  : 0 0 0 0 0 0 0 0  : i 
C[453] 5 : 169 183 289 366 365  : 0 0 0 0 0  : 0 0 0 0 0  : i 
C[454] 8 : 289 573 747 746 290 291 367 366  : 0 0 0 0 0 0 0 0  : 0 0 0 0 0 0 0 0  : i 
C[455] 5 : 365 366 367 369 368  : 0 0 0 0 0  : 0 0 0 0 0  : i 
C[456] 5 : 160 162 161 378 228  : 0 0 0 0 0  : 0 0 0 0 0  : i 
C[457] 5 : 236 288 399 405 404  : 0 0 0 0 0  : 0 0 0 0 0  : i 
C[458] 5 : 275 276 580 427 641  : 0 0 1 1 0  : 0 0 0 0 0  : i 
C[459] 8 : 427 580 582 428 563 429 560 561  : 0 0 0 0 0 0 0 0  : 0 0 0 0 0 0 0 0  : i 
C[460] 7 : 168 198 486 485 407 408 450  : 0 1 1 1 1 0 0  : 0 0 0 0 0 0 0  : i 
C[461] 8 : 10 67 166 165 27 431 250 68  : 0 0 0 0 0 0 0 0  : 0 0 0 0 0 0 0 0  : i 
C[462] 9 : 257 437 438 258 259 260 261 439 440  : 0 0 0 0 0 0 0 0 0  : 0 0 0 0 0 0 0 0 0  : i 
C[463] 7 : 169 365 368 293 294 465 466  : 0 0 0 0 0 0 0  : 0 0 0 0 0 0 0  : i 
C[464] 7 : 169 466 467 464 462 461 183  : 0 0 0 0 0 0 0  : 0 0 0 0 0 0 0  : i 
C[465] 5 : 489 674 800 799 600  : 0 0 0 0 0  : 0 0 0 0 0  : i 
C[466] 6 : 798 799 800 882 881 801  : 0 0 0 0 0 0  : 0 0 0 0 0 0  : i 
C[467] 7 : 600 799 798 675 602 603 601  : 0 0 0 0 0 0 0  : 0 0 0 0 0 0 0  : i 
C[468] 5 : 497 499 588 587 498  : 0 0 0 0 0  : 0 0 0 0 0  : i 
C[469] 5 : 488 596 591 588 499  : 0 0 0 0 0  : 0 0 0 0 0  : i 
C[470] 6 : 116 310 488 499 497 319  : 0 0 0 0 0 0  : 0 0 0 0 0 0  : i 
C[471] 5 : 319 497 498 656 657  : 0 0 0 0 0  : 0 0 0 0 0  : i 
C[472] 5 : 740 916 917 913 912  : 0 0 0 0 0  : 0 0 0 0 0  : i 
C[473] 5 : 436 566 911 950 952  : 0 0 0 0 0  : 0 0 0 0 0  : i 
C[474] 5 : 566 910 912 913 911  : 0 0 0 0 0  : 0 0 0 0 0  : i 
C[475] 6 : 438 437 622 740 912 910  : 0 0 0 0 0 0  : 0 0 0 0 0 0  : i 
C[476] 6 : 911 913 917 969 970 950  : 0 0 0 0 0 0  : 0 0 0 0 0 0  : i 
C[477] 6 : 914 915 971 969 917 916  : 0 0 0 0 0 0  : 0 0 0 0 0 0  : i 
C[478] 5 : 843 844 972 971 915  : 0 0 0 0 0  : 0 0 0 0 0  : i 
C[479] 7 : 71 80 78 951 974 973 744  : 0 0 0 0 0 0 0  : 0 0 0 0 0 0 0  : i 
C[480] 6 : 22 62 157 63 219 704  : 0 0 0 0 0 0  : 0 0 0 0 0 0  : i 
C[481] 7 : 332 510 513 334 333 505 504  : 0 0 0 0 0 0 0  : 0 0 0 0 0 0 0  : i 
C[482] 6 : 510 706 708 511 512 513  : 0 0 0 0 0 0  : 0 0 0 0 0 0  : i 
C[483] 6 : 602 892 891 887 665 603  : 0 0 0 0 0 0  : 0 0 0 0 0 0  : i 
C[484] 8 : 168 235 401 400 717 715 523 198  : 0 0 0 0 0 0 0 1  : 0 0 0 0 0 0 0 0  : i 
C[485] 5 : 21 492 493 375 377  : 0 0 0 0 0  : 0 0 0 0 0  : i 
C[486] 7 : 490 493 492 494 877 879 491  : 0 0 0 0 0 0 0  : 0 0 0 0 0 0 0  : i 
C[487] 6 : 90 199 647 520 349 167  : 0 1 0 0 0 0  : 0 0 0 0 0 0  : i 
C[488] 5 : 170 570 586 439 261  : 0 1 1 0 0  : 0 0 0 0 0  : i 
C[489] 6 : 170 272 271 572 571 570  : 0 0 0 0 1 1  : 0 0 0 0 0 0  : i 
C[490] 7 : 193 586 570 571 306 322 323  : 0 0 0 0 0 0 0  : 0 0 0 0 0 0 0  : i 
C[491] 6 : 257 440 581 582 580 276  : 0 0 1 1 1 0  : 0 0 0 0 0 0  : i 
C[492] 6 : 193 326 581 440 439 586  : 0 0 0 -1 -1 0  : 0 0 0 0 0 0  : i 
C[493] 6 : 96 489 600 601 598 207  : 0 0 0 0 0 0  : 0 0 0 0 0 0  : i 
C[494] 7 : 357 598 601 603 665 664 599  : 0 0 0 0 0 0 0  : 0 0 0 0 0 0 0  : i 
C[495] 7 : 21 22 704 701 313 494 492  : 0 0 0 0 0 0 0  : 0 0 0 0 0 0 0  : i 
C[496] 7 : 93 94 205 826 825 202 201  : 0 0 0 0 0 0 0  : 0 0 0 0 0 0 0  : i 
C[497] 7 : 204 552 550 412 568 569 567  : 0 0 0 0 0 1 1  : 0 0 -1 -1 -1 0 0  : v 
C[498] 7 : 324 562 428 582 581 326 325  : 0 0 0 0 0 0 0  : 0 0 0 0 0 0 0  : i 
C[499] 5 : 92 551 552 204 203  : 0 0 0 0 0  : 0 0 0 0 0  : v 
