# seed = -805433185
## LX*LY = 1.000000 x 1.000000 
## KV = 1.000000e+02 
## Vo = 1.000000e+00 
## KC = 1.073313e-03 
## KL = 1.000000e-03 
# # FOR PERIODIC BOUNDARY CONDITION
# V_NUM= 1000 
# E_NUM= 1500 
# C_NUM= 500 
# LX= 1.000000e+00 
# LY= 1.000000e+00 
# CELL_TYPE= 1 
# ----------------------- 
J[0] 2.136050e-01 2.806121e-01
J[1] 2.278094e-01 2.632816e-01
J[2] 2.591322e-01 3.133486e-01
J[3] 1.727133e-01 2.647490e-01
J[4] 2.222696e-01 2.434674e-01
J[5] 8.403687e-01 7.190325e-01
J[6] 7.429049e-01 5.848554e-01
J[7] 7.271684e-01 5.645763e-01
J[8] 8.733369e-02 9.411144e-01
J[9] 1.077142e-01 9.158285e-01
J[10] 4.369613e-01 9.986107e-01
J[11] 3.026559e-01 3.761559e-01
J[12] 3.080403e-01 3.276174e-01
J[13] 3.154369e-01 3.250473e-01
J[14] 8.661352e-01 7.482221e-01
J[15] 9.018556e-01 7.465126e-01
J[16] 9.018568e-01 7.465118e-01
J[17] 9.521809e-01 7.358357e-01
J[18] 9.567537e-01 7.383012e-01
J[19] 9.702580e-01 8.727393e-01
J[20] 9.838442e-01 9.545897e-01
J[21] 9.499631e-01 8.873787e-01
J[22] 9.491611e-01 9.224165e-01
J[23] 7.946943e-01 3.637444e-01
J[24] 7.200052e-01 6.343025e-01
J[25] 7.283558e-01 6.330816e-01
J[26] 3.644187e-03 7.507135e-01
J[27] 9.924381e-01 7.172747e-01
J[28] 8.905159e-02 7.954301e-01
J[29] 1.337695e-01 8.662432e-01
J[30] 5.622307e-02 9.345593e-01
J[31] 3.333270e-01 9.708807e-01
J[32] 2.680531e-01 1.216333e-02
J[33] 2.682623e-01 9.825179e-01
J[34] 2.523841e-01 9.693710e-01
J[35] 1.554240e-01 9.110646e-01
J[36] 1.411666e-01 9.219986e-01
J[37] 1.501116e-01 9.518371e-01
J[38] 2.015879e-01 9.339891e-01
J[39] 2.094392e-01 9.679820e-01
J[40] 2.096308e-01 9.677976e-01
J[41] 1.418711e-01 8.433621e-01
J[42] 1.566161e-01 8.935600e-01
J[43] 4.825362e-01 9.456066e-03
J[44] 2.022630e-01 2.385455e-01
J[45] 1.786626e-01 1.967218e-01
J[46] 1.282240e-01 7.065460e-02
J[47] 2.798048e-01 3.562477e-01
J[48] 2.922866e-01 3.580062e-01
J[49] 2.660852e-01 2.840530e-01
J[50] 2.737338e-01 2.821766e-01
J[51] 1.970512e-01 6.295010e-03
J[52] 2.121356e-01 9.970556e-01
J[53] 7.315063e-01 9.425877e-01
J[54] 7.425373e-01 9.832960e-01
J[55] 7.869958e-01 9.459170e-01
J[56] 7.714317e-01 9.118536e-01
J[57] 9.067003e-02 9.553207e-01
J[58] 1.313246e-01 4.211933e-01
J[59] 1.686784e-01 4.624509e-01
J[60] 2.054763e-01 3.453197e-01
J[61] 2.294758e-01 3.277580e-01
J[62] 1.435278e-01 3.296004e-01
J[63] 1.726464e-01 3.054958e-01
J[64] 1.726478e-01 3.054963e-01
J[65] 4.853973e-01 7.109038e-01
J[66] 4.934869e-01 7.382951e-01
J[67] 3.756574e-01 2.755054e-01
J[68] 3.469269e-01 2.802407e-01
J[69] 3.015018e-01 5.617793e-01
J[70] 2.613862e-01 5.397943e-01
J[71] 2.781160e-01 5.604728e-01
J[72] 6.731677e-01 6.116188e-01
J[73] 7.082578e-01 5.685625e-01
J[74] 6.977099e-01 6.032550e-01
J[75] 1.685301e-01 4.630157e-01
J[76] 1.741262e-01 4.717602e-01
J[77] 2.004296e-01 4.812686e-01
J[78] 3.068509e-01 5.754947e-01
J[79] 2.838106e-01 6.246790e-01
J[80] 2.973809e-01 6.757992e-01
J[81] 2.795594e-01 6.256446e-01
J[82] 2.588071e-01 5.918333e-01
J[83] 9.085588e-01 9.514757e-01
J[84] 7.196294e-02 8.035583e-01
J[85] 2.573498e-01 2.008125e-02
J[86] 8.003879e-01 3.101501e-01
J[87] 8.010817e-01 2.611798e-01
J[88] 8.365206e-01 1.576755e-01
J[89] 8.409522e-01 2.307784e-01
J[90] 8.673965e-01 1.940235e-01
J[91] 8.088154e-01 2.123662e-01
J[92] 8.376997e-01 1.687121e-01
J[93] 8.133913e-01 6.651618e-01
J[94] 8.927315e-01 7.198766e-01
J[95] 9.178099e-01 5.568709e-01
J[96] 9.109395e-01 8.676070e-01
J[97] 9.596926e-01 8.353609e-01
J[98] 9.671272e-01 8.400789e-01
J[99] 6.887488e-03 8.145601e-01
J[100] 6.631405e-03 8.163374e-01
J[101] 9.520991e-01 7.857216e-01
J[102] 9.204354e-01 7.804651e-01
J[103] 9.757629e-01 7.798154e-01
J[104] 9.605230e-01 7.769129e-01
J[105] 9.851390e-01 9.530768e-01
J[106] 9.772336e-01 9.352349e-01
J[107] 9.866692e-01 8.798797e-01
J[108] 9.956623e-01 9.151542e-01
J[109] 7.485120e-01 4.541870e-01
J[110] 7.485111e-01 4.541859e-01
J[111] 7.469052e-01 6.499861e-01
J[112] 7.444311e-01 6.820946e-01
J[113] 7.658985e-01 6.941078e-01
J[114] 7.803242e-01 6.365753e-01
J[115] 8.008171e-01 6.622386e-01
J[116] 3.067792e-03 7.229595e-01
J[117] 1.261215e-01 7.847886e-01
J[118] 4.646803e-02 9.140980e-01
J[119] 2.892621e-01 1.868445e-02
J[120] 3.450470e-01 9.724946e-01
J[121] 2.260686e-01 9.171246e-01
J[122] 2.587137e-01 9.388708e-01
J[123] 2.834329e-01 9.009172e-01
J[124] 2.409599e-01 7.631701e-01
J[125] 2.757535e-01 7.168005e-01
J[126] 2.582058e-01 7.184979e-01
J[127] 2.988665e-01 8.778816e-01
J[128] 1.903612e-01 8.841908e-01
J[129] 2.256382e-01 9.078825e-01
J[130] 2.447226e-01 8.936827e-01
J[131] 2.412758e-01 8.581702e-01
J[132] 4.925955e-01 3.220499e-04
J[133] 5.364761e-01 1.138408e-03
J[134] 1.611390e-01 2.602612e-01
J[135] 1.500429e-01 2.077080e-01
J[136] 1.518504e-01 6.036426e-02
J[137] 2.192292e-01 6.954425e-02
J[138] 9.507346e-02 4.948678e-02
J[139] 1.050108e-01 6.356929e-02
J[140] 1.456889e-01 1.417152e-01
J[141] 1.460652e-01 2.054372e-01
J[142] 4.296431e-02 1.094398e-01
J[143] 6.166154e-02 6.112578e-02
J[144] 1.367385e-01 2.188915e-02
J[145] 1.554083e-01 4.846111e-02
J[146] 1.966470e-01 3.282093e-02
J[147] 2.899916e-01 2.503091e-01
J[148] 3.150492e-01 2.577285e-01
J[149] 3.173166e-01 2.085754e-01
J[150] 3.251506e-01 2.535066e-01
J[151] 2.277154e-01 2.378068e-01
J[152] 2.833495e-01 2.393020e-01
J[153] 2.894114e-01 2.234937e-01
J[154] 3.448914e-01 3.753444e-02
J[155] 3.204934e-01 5.568719e-02
J[156] 3.040615e-01 1.631643e-01
J[157] 3.254838e-01 1.343322e-01
J[158] 2.589752e-01 3.665171e-02
J[159] 2.939289e-01 5.835728e-02
J[160] 2.353941e-01 5.839603e-02
J[161] 2.350837e-01 5.335978e-02
J[162] 2.910903e-01 8.863520e-02
J[163] 4.873606e-01 9.581040e-01
J[164] 6.638202e-01 6.040763e-01
J[165] 6.441225e-01 7.830963e-01
J[166] 7.120080e-01 6.950516e-01
J[167] 7.212916e-01 8.512896e-01
J[168] 6.932524e-01 8.422538e-01
J[169] 6.501709e-01 7.891885e-01
J[170] 7.087762e-01 8.558687e-01
J[171] 7.071275e-01 8.743244e-01
J[172] 7.425723e-01 9.077936e-01
J[173] 6.518437e-01 8.390828e-01
J[174] 8.334914e-01 9.386560e-01
J[175] 8.570320e-01 9.636984e-01
J[176] 7.470012e-01 8.683923e-01
J[177] 7.419715e-02 9.710617e-01
J[178] 1.129537e-01 9.664851e-01
J[179] 1.461772e-01 9.576300e-01
J[180] 1.606636e-01 9.916242e-01
J[181] 1.956867e-01 4.350980e-01
J[182] 1.605909e-01 3.980678e-01
J[183] 3.352595e-01 8.208978e-01
J[184] 4.361028e-01 7.210590e-01
J[185] 4.283627e-01 7.388769e-01
J[186] 3.277335e-01 6.562087e-01
J[187] 3.264358e-01 6.682231e-01
J[188] 3.126639e-01 6.380860e-01
J[189] 3.357456e-01 5.919598e-01
J[190] 5.921922e-01 7.566975e-01
J[191] 6.276540e-01 7.858158e-01
J[192] 4.555574e-01 9.612768e-01
J[193] 4.347803e-01 9.939797e-01
J[194] 3.961915e-01 9.887154e-01
J[195] 6.450450e-01 4.725429e-01
J[196] 3.526054e-01 3.738131e-01
J[197] 6.013353e-01 4.923171e-01
J[198] 2.684989e-01 5.088876e-01
J[199] 2.383052e-01 4.954106e-01
J[200] 2.347430e-01 4.687996e-01
J[201] 2.302162e-01 4.763713e-01
J[202] 2.523987e-01 7.126511e-01
J[203] 2.188772e-01 7.205542e-01
J[204] 1.849468e-01 5.803067e-01
J[205] 2.208374e-01 6.071260e-01
J[206] 2.227048e-01 6.071562e-01
J[207] 2.318278e-01 5.904049e-01
J[208] 2.263926e-01 5.529343e-01
J[209] 2.118033e-01 5.399838e-01
J[210] 9.411616e-01 9.673828e-01
J[211] 9.210811e-01 9.641128e-01
J[212] 7.839052e-01 9.531744e-01
J[213] 7.482633e-01 9.616252e-01
J[214] 1.266070e-01 8.665480e-01
J[215] 7.230835e-02 8.128061e-01
J[216] 8.445174e-01 2.422858e-01
J[217] 8.339316e-01 2.566391e-01
J[218] 8.837907e-01 2.864627e-01
J[219] 7.909714e-01 3.176895e-01
J[220] 7.671594e-01 3.058818e-01
J[221] 7.318746e-01 2.410867e-01
J[222] 7.874473e-01 2.492724e-01
J[223] 7.919003e-01 2.141426e-01
J[224] 7.941753e-01 2.167954e-01
J[225] 7.399597e-01 2.367549e-01
J[226] 7.690750e-01 2.566033e-01
J[227] 7.952668e-01 1.618007e-01
J[228] 8.057933e-01 1.495561e-01
J[229] 7.817758e-01 1.142769e-01
J[230] 5.283062e-03 1.012628e-01
J[231] 8.914093e-01 1.926101e-01
J[232] 5.029662e-01 3.978575e-01
J[233] 4.971939e-01 3.816220e-01
J[234] 6.510168e-01 2.670583e-01
J[235] 7.499861e-01 5.437229e-02
J[236] 6.865473e-01 5.039360e-02
J[237] 6.771949e-01 8.565370e-02
J[238] 7.519655e-01 2.067675e-01
J[239] 7.428503e-01 2.110646e-01
J[240] 7.626978e-01 1.591558e-01
J[241] 7.520242e-01 1.174813e-01
J[242] 7.622849e-01 2.902051e-03
J[243] 7.968501e-01 9.934501e-01
J[244] 9.766444e-01 6.107386e-02
J[245] 3.882243e-03 8.050253e-02
J[246] 8.293313e-01 6.117146e-01
J[247] 8.818637e-01 6.031626e-01
J[248] 8.316509e-01 6.509045e-01
J[249] 8.336849e-01 6.157271e-01
J[250] 8.728130e-01 5.973291e-01
J[251] 9.122971e-01 5.900827e-01
J[252] 9.515148e-01 5.476132e-01
J[253] 8.159939e-01 7.453151e-01
J[254] 8.243599e-01 7.219743e-01
J[255] 8.135067e-01 7.111079e-01
J[256] 8.919059e-01 8.812988e-01
J[257] 9.103818e-01 8.604056e-01
J[258] 8.621641e-01 7.712716e-01
J[259] 4.762615e-03 8.694172e-01
J[260] 6.921258e-01 4.631639e-01
J[261] 7.544624e-01 4.933023e-01
J[262] 7.404084e-01 5.367333e-01
J[263] 7.322648e-01 5.193721e-01
J[264] 8.958711e-01 5.433739e-01
J[265] 8.708246e-01 5.604591e-01
J[266] 1.926593e-01 6.633422e-01
J[267] 1.904165e-01 6.389427e-01
J[268] 1.607989e-01 6.202350e-01
J[269] 1.255441e-01 6.250985e-01
J[270] 1.401656e-01 6.332226e-01
J[271] 1.543315e-01 6.747874e-01
J[272] 1.445487e-01 8.423644e-01
J[273] 1.467533e-01 8.100045e-01
J[274] 1.726056e-01 7.098277e-01
J[275] 1.500137e-01 6.896981e-01
J[276] 1.764680e-01 7.963673e-01
J[277] 3.263742e-01 8.799826e-01
J[278] 3.775934e-01 8.782432e-01
J[279] 3.553208e-01 8.410871e-01
J[280] 3.487437e-01 8.403890e-01
J[281] 2.593453e-01 8.505446e-01
J[282] 2.940064e-01 8.667185e-01
J[283] 2.852954e-01 8.059482e-01
J[284] 3.173889e-01 8.254293e-01
J[285] 6.244681e-01 7.384807e-02
J[286] 3.519743e-01 2.248033e-01
J[287] 4.857114e-01 3.704876e-02
J[288] 1.594231e-01 6.975510e-02
J[289] 1.842573e-01 7.425416e-02
J[290] 1.506248e-01 1.372776e-01
J[291] 1.205104e-01 1.198874e-01
J[292] 1.315182e-01 1.386093e-01
J[293] 1.243300e-01 2.173264e-01
J[294] 2.257031e-01 1.270407e-01
J[295] 1.888067e-01 1.764250e-01
J[296] 1.760096e-01 1.453546e-01
J[297] 1.881165e-01 1.317610e-01
J[298] 2.663718e-01 1.961402e-01
J[299] 2.269041e-01 2.035378e-01
J[300] 2.093236e-01 1.776245e-01
J[301] 5.012499e-01 9.249015e-01
J[302] 6.044757e-01 4.966898e-01
J[303] 6.854174e-01 5.463777e-01
J[304] 6.693515e-01 5.524553e-01
J[305] 6.526972e-01 5.424030e-01
J[306] 6.496328e-01 5.173993e-01
J[307] 7.013955e-01 5.139521e-01
J[308] 6.979855e-01 5.001572e-01
J[309] 6.618989e-01 5.022977e-01
J[310] 6.889812e-01 4.955419e-01
J[311] 6.127316e-01 7.235033e-01
J[312] 6.422125e-01 6.664978e-01
J[313] 6.658563e-01 7.848246e-01
J[314] 6.968707e-01 8.094195e-01
J[315] 7.833678e-01 8.403637e-01
J[316] 7.831871e-01 8.416140e-01
J[317] 2.250267e-01 4.418198e-01
J[318] 2.083420e-01 4.316578e-01
J[319] 2.629287e-01 4.084690e-01
J[320] 4.474735e-01 7.767924e-01
J[321] 4.366372e-01 8.110665e-01
J[322] 4.539249e-01 8.269254e-01
J[323] 4.941264e-01 9.129097e-01
J[324] 3.377870e-01 7.285718e-01
J[325] 3.102679e-01 6.778866e-01
J[326] 3.514170e-01 6.903928e-01
J[327] 3.101099e-01 7.784492e-01
J[328] 2.852959e-01 8.059468e-01
J[329] 2.920941e-01 7.458553e-01
J[330] 2.619063e-01 7.996606e-01
J[331] 2.599229e-01 7.769019e-01
J[332] 2.976761e-01 7.466158e-01
J[333] 3.148867e-01 7.279476e-01
J[334] 3.765343e-01 7.335152e-01
J[335] 3.470462e-01 7.398576e-01
J[336] 3.466331e-01 7.882933e-01
J[337] 3.358578e-01 7.766604e-01
J[338] 4.244540e-01 7.038319e-01
J[339] 3.740222e-01 6.869327e-01
J[340] 3.872815e-01 7.055871e-01
J[341] 4.373940e-01 7.649586e-01
J[342] 4.408558e-01 7.554484e-01
J[343] 3.833167e-01 7.823495e-01
J[344] 3.773146e-01 7.780612e-01
J[345] 3.848417e-01 7.432943e-01
J[346] 4.497971e-01 6.672005e-01
J[347] 4.449832e-01 6.738781e-01
J[348] 4.447800e-01 6.734035e-01
J[349] 4.889366e-01 6.969674e-01
J[350] 5.021838e-01 6.942885e-01
J[351] 6.047504e-01 7.250541e-01
J[352] 5.901981e-01 7.489430e-01
J[353] 5.357879e-01 7.380845e-01
J[354] 5.321353e-01 7.165179e-01
J[355] 3.660720e-01 4.008474e-01
J[356] 4.015520e-01 4.064072e-01
J[357] 4.429982e-01 9.394728e-01
J[358] 4.385606e-01 8.815550e-01
J[359] 4.170872e-01 8.653945e-01
J[360] 4.548864e-01 8.727963e-01
J[361] 4.648160e-01 9.086465e-01
J[362] 4.582965e-01 8.747606e-01
J[363] 6.601640e-01 4.434850e-01
J[364] 6.812332e-01 4.123271e-01
J[365] 6.690610e-01 4.421123e-01
J[366] 3.337864e-01 3.335779e-01
J[367] 3.539480e-01 3.710737e-01
J[368] 3.461011e-01 3.213051e-01
J[369] 4.481414e-01 3.996132e-01
J[370] 4.201615e-01 3.889193e-01
J[371] 6.174162e-01 4.655411e-01
J[372] 6.042927e-01 4.724393e-01
J[373] 2.698462e-01 4.632877e-01
J[374] 2.779824e-01 4.153493e-01
J[375] 2.944810e-01 4.069567e-01
J[376] 3.620287e-01 5.780049e-01
J[377] 3.115738e-01 5.467505e-01
J[378] 2.904264e-01 5.062021e-01
J[379] 2.720724e-01 6.385665e-01
J[380] 2.771712e-01 6.582453e-01
J[381] 2.514369e-01 6.790966e-01
J[382] 2.404977e-01 6.354196e-01
J[383] 2.131858e-01 6.707674e-01
J[384] 2.011748e-01 6.987206e-01
J[385] 2.144557e-01 6.740745e-01
J[386] 9.926510e-01 9.533401e-01
J[387] 3.847780e-02 9.681960e-01
J[388] 5.633469e-02 8.314817e-01
J[389] 9.780015e-02 8.990269e-01
J[390] 1.033534e-01 8.854131e-01
J[391] 9.904223e-02 2.630279e-02
J[392] 1.147567e-01 1.628709e-02
J[393] 1.489355e-01 3.551289e-01
J[394] 1.314670e-01 3.246358e-01
J[395] 1.289756e-01 2.848947e-01
J[396] 1.100411e-01 2.835401e-01
J[397] 1.219219e-01 2.802114e-01
J[398] 8.451044e-01 2.842646e-01
J[399] 8.660445e-01 2.936859e-01
J[400] 8.163973e-01 3.149621e-01
J[401] 7.624616e-01 3.079400e-01
J[402] 7.315433e-01 2.827630e-01
J[403] 8.643103e-01 1.425756e-01
J[404] 8.662288e-01 1.342067e-01
J[405] 8.988707e-01 1.721227e-01
J[406] 9.269327e-01 1.614969e-01
J[407] 8.988712e-01 2.059123e-01
J[408] 8.740371e-01 2.464116e-01
J[409] 8.889848e-01 2.686208e-01
J[410] 9.671683e-01 1.808338e-01
J[411] 2.416503e-02 1.453048e-01
J[412] 9.924385e-01 1.472686e-01
J[413] 6.329502e-01 1.107883e-02
J[414] 6.431207e-01 4.407321e-02
J[415] 6.221300e-01 6.581111e-02
J[416] 6.942128e-01 3.614480e-02
J[417] 7.265932e-01 2.809110e-02
J[418] 7.330295e-01 7.666876e-02
J[419] 6.795728e-01 9.694045e-02
J[420] 6.939849e-01 6.806286e-02
J[421] 7.139298e-01 1.689898e-01
J[422] 7.122930e-01 1.168545e-01
J[423] 7.475225e-01 1.446216e-01
J[424] 7.376036e-01 1.067036e-01
J[425] 9.818015e-01 3.939872e-02
J[426] 7.844721e-01 5.626272e-01
J[427] 8.051542e-01 6.123806e-01
J[428] 7.470167e-01 5.848828e-01
J[429] 7.817023e-01 6.268064e-01
J[430] 8.326677e-01 5.667371e-01
J[431] 8.506091e-01 5.524089e-01
J[432] 8.447350e-01 5.302835e-01
J[433] 7.904922e-01 5.530351e-01
J[434] 7.845094e-01 5.389792e-01
J[435] 7.981723e-01 5.222330e-01
J[436] 5.903700e-03 5.512374e-01
J[437] 9.243795e-01 6.982217e-01
J[438] 9.212954e-01 6.733938e-01
J[439] 9.484166e-01 7.067447e-01
J[440] 8.958231e-01 6.625666e-01
J[441] 8.422573e-01 6.564395e-01
J[442] 8.801490e-01 6.359334e-01
J[443] 8.524365e-01 6.945465e-01
J[444] 8.669362e-01 6.949297e-01
J[445] 9.781057e-01 6.609098e-01
J[446] 9.625674e-01 6.450419e-01
J[447] 9.969973e-01 6.504347e-01
J[448] 9.819953e-01 6.613775e-01
J[449] 1.705939e-02 6.161138e-01
J[450] 9.946510e-01 5.919678e-01
J[451] 1.648732e-02 6.080082e-01
J[452] 9.053086e-01 3.067863e-01
J[453] 2.089770e-02 4.052320e-01
J[454] 9.887839e-01 3.352686e-01
J[455] 1.658811e-02 3.838355e-01
J[456] 9.659606e-01 3.644929e-01
J[457] 9.728249e-01 3.786656e-01
J[458] 9.543055e-01 5.402722e-01
J[459] 9.976174e-01 5.135313e-01
J[460] 9.913283e-01 5.337596e-01
J[461] 9.979864e-01 5.140250e-01
J[462] 8.667790e-01 4.122419e-01
J[463] 8.121346e-01 3.751307e-01
J[464] 8.088152e-01 4.072533e-01
J[465] 8.188359e-01 4.157633e-01
J[466] 7.746310e-01 7.608860e-01
J[467] 7.618157e-01 7.535509e-01
J[468] 7.782797e-01 7.868362e-01
J[469] 7.591133e-01 8.143623e-01
J[470] 7.378609e-01 8.139652e-01
J[471] 8.935647e-01 8.905203e-01
J[472] 9.351484e-01 9.267868e-01
J[473] 9.085599e-01 9.514748e-01
J[474] 8.691972e-01 9.185611e-01
J[475] 8.397255e-01 9.219438e-01
J[476] 8.499806e-01 8.725074e-01
J[477] 8.453089e-01 8.657055e-01
J[478] 8.091678e-01 8.687314e-01
J[479] 8.307941e-01 9.093929e-01
J[480] 7.774923e-01 9.053230e-01
J[481] 7.770358e-01 9.036765e-01
J[482] 9.319101e-01 8.409244e-01
J[483] 8.823826e-01 8.372673e-01
J[484] 9.115999e-01 7.945145e-01
J[485] 8.944228e-01 7.964841e-01
J[486] 7.129031e-01 3.891072e-01
J[487] 7.076185e-01 4.078232e-01
J[488] 7.251608e-01 4.367211e-01
J[489] 7.635364e-01 4.165190e-01
J[490] 7.453859e-01 4.404930e-01
J[491] 7.690085e-01 4.953617e-01
J[492] 7.979610e-01 5.212308e-01
J[493] 4.377529e-02 5.932311e-01
J[494] 7.320827e-02 6.070387e-01
J[495] 3.917268e-02 5.529618e-01
J[496] 5.498789e-02 5.388059e-01
J[497] 1.478096e-01 5.013394e-01
J[498] 9.884584e-02 5.001783e-01
J[499] 1.478874e-01 7.522398e-01
J[500] 1.347930e-01 7.270133e-01
J[501] 1.479925e-01 6.903430e-01
J[502] 2.311674e-01 8.167063e-01
J[503] 1.845618e-01 8.514964e-01
J[504] 2.291219e-01 8.502670e-01
J[505] 1.963048e-01 8.629170e-01
J[506] 2.182490e-01 7.683644e-01
J[507] 2.059568e-01 7.540588e-01
J[508] 2.110857e-01 8.019492e-01
J[509] 1.947851e-01 8.085931e-01
J[510] 1.785542e-01 7.524337e-01
J[511] 1.728811e-01 7.584260e-01
J[512] 4.242120e-01 9.398436e-01
J[513] 3.934977e-01 9.794864e-01
J[514] 5.107976e-01 2.058437e-01
J[515] 4.309143e-01 8.606154e-03
J[516] 2.374363e-01 1.500430e-01
J[517] 2.733514e-01 1.013125e-01
J[518] 2.884579e-01 1.587726e-01
J[519] 2.718578e-01 1.694235e-01
J[520] 2.698992e-01 1.002957e-01
J[521] 2.359467e-01 1.328135e-01
J[522] 6.586869e-01 9.961209e-01
J[523] 6.780440e-01 9.504216e-01
J[524] 6.606286e-01 9.901952e-01
J[525] 6.457572e-01 9.713975e-01
J[526] 6.501737e-01 9.588780e-01
J[527] 6.484185e-01 7.674320e-01
J[528] 6.275909e-01 7.340953e-01
J[529] 7.291728e-01 7.779861e-01
J[530] 7.291719e-01 7.779850e-01
J[531] 7.640629e-01 7.200623e-01
J[532] 7.669264e-01 7.225879e-01
J[533] 7.138426e-01 7.296988e-01
J[534] 7.083587e-01 7.447478e-01
J[535] 8.138578e-01 7.966178e-01
J[536] 8.165400e-01 8.222668e-01
J[537] 8.338148e-01 7.776866e-01
J[538] 8.469837e-01 7.816443e-01
J[539] 8.616188e-01 8.356618e-01
J[540] 8.505676e-01 8.437754e-01
J[541] 2.487065e-01 3.808065e-01
J[542] 2.501529e-01 3.754613e-01
J[543] 2.221300e-01 3.456576e-01
J[544] 2.147014e-01 3.908522e-01
J[545] 1.741317e-01 3.650129e-01
J[546] 1.754440e-01 3.711890e-01
J[547] 4.310616e-01 8.132256e-01
J[548] 4.160358e-01 8.452202e-01
J[549] 3.842537e-01 7.930988e-01
J[550] 3.706136e-01 8.284499e-01
J[551] 5.479789e-01 8.748748e-01
J[552] 5.112243e-01 8.862992e-01
J[553] 4.873395e-01 8.148718e-01
J[554] 4.947597e-01 8.542497e-01
J[555] 4.865875e-01 7.816525e-01
J[556] 5.077468e-01 7.533648e-01
J[557] 5.226125e-01 7.537093e-01
J[558] 3.770032e-01 6.814088e-01
J[559] 4.194735e-01 6.667120e-01
J[560] 5.983339e-01 7.172399e-01
J[561] 6.018133e-01 6.756419e-01
J[562] 5.454555e-01 7.091274e-01
J[563] 5.515132e-01 6.784487e-01
J[564] 6.296805e-01 5.570914e-01
J[565] 6.155772e-01 6.488664e-01
J[566] 6.326765e-01 6.472985e-01
J[567] 6.497361e-01 6.086853e-01
J[568] 3.870281e-01 3.622617e-01
J[569] 4.184219e-01 3.799677e-01
J[570] 5.527864e-01 4.417409e-01
J[571] 5.806168e-01 4.474302e-01
J[572] 5.473978e-01 4.048129e-01
J[573] 3.797831e-01 4.490639e-01
J[574] 3.572297e-01 4.775035e-01
J[575] 3.106549e-01 4.598321e-01
J[576] 2.879240e-01 4.754000e-01
J[577] 2.948528e-01 4.993310e-01
J[578] 2.469491e-02 6.754933e-01
J[579] 9.178689e-02 7.746396e-01
J[580] 9.719332e-02 7.726121e-01
J[581] 1.096366e-01 7.284332e-01
J[582] 3.448949e-01 3.744704e-02
J[583] 3.444548e-01 3.720078e-02
J[584] 7.780932e-02 1.211738e-02
J[585] 3.804652e-02 2.276396e-02
J[586] 2.690547e-02 3.924713e-03
J[587] 4.397745e-02 1.114575e-01
J[588] 7.367254e-02 1.114829e-01
J[589] 8.398110e-02 1.265172e-01
J[590] 1.056001e-01 4.722160e-01
J[591] 9.412859e-02 4.935628e-01
J[592] 8.499460e-02 3.442690e-01
J[593] 9.655109e-02 3.499025e-01
J[594] 7.213616e-01 2.885251e-01
J[595] 7.193666e-01 3.301530e-01
J[596] 6.974617e-01 2.784741e-01
J[597] 9.297744e-01 1.441356e-01
J[598] 9.780128e-01 1.182513e-01
J[599] 9.762000e-01 1.289376e-01
J[600] 9.095775e-01 1.231349e-01
J[601] 8.662283e-01 1.342053e-01
J[602] 8.732905e-01 8.918711e-02
J[603] 8.184949e-01 1.863223e-02
J[604] 9.188965e-01 2.621182e-01
J[605] 5.608034e-01 3.904085e-01
J[606] 5.918422e-01 4.027291e-01
J[607] 5.388153e-01 3.581444e-01
J[608] 6.237073e-01 3.179269e-01
J[609] 6.573750e-01 3.789588e-01
J[610] 6.175110e-01 4.161327e-01
J[611] 6.333605e-01 4.109498e-01
J[612] 5.946408e-01 4.012939e-01
J[613] 5.958849e-01 3.758161e-01
J[614] 6.437755e-01 3.810188e-01
J[615] 6.231707e-01 3.609233e-01
J[616] 6.193162e-01 3.216449e-01
J[617] 6.001005e-01 1.082303e-02
J[618] 5.467373e-01 1.159397e-02
J[619] 5.895211e-01 9.986480e-01
J[620] 5.907979e-01 4.798067e-02
J[621] 7.246199e-01 9.879259e-01
J[622] 7.210909e-01 9.946688e-01
J[623] 9.845590e-01 9.976118e-01
J[624] 9.465042e-01 1.334811e-02
J[625] 9.651153e-01 1.695943e-02
J[626] 9.324637e-01 6.044198e-01
J[627] 9.626698e-01 6.395403e-01
J[628] 9.670792e-01 5.794286e-01
J[629] 9.901963e-01 5.937774e-01
J[630] 8.948199e-01 6.448791e-01
J[631] 9.322465e-01 6.237249e-01
J[632] 9.579383e-01 4.082688e-01
J[633] 9.778961e-01 4.273148e-01
J[634] 4.197558e-03 4.925722e-01
J[635] 2.523100e-02 4.634549e-01
J[636] 9.578859e-01 4.552428e-01
J[637] 9.779595e-01 4.306656e-01
J[638] 9.180724e-01 5.029463e-01
J[639] 8.944345e-01 5.137909e-01
J[640] 8.757451e-01 4.594374e-01
J[641] 8.665843e-01 5.040884e-01
J[642] 9.434750e-01 4.954527e-01
J[643] 9.480306e-01 4.578579e-01
J[644] 9.221111e-01 4.428923e-01
J[645] 8.957717e-01 4.673018e-01
J[646] 9.180732e-01 5.029451e-01
J[647] 8.006286e-01 4.401034e-01
J[648] 8.166797e-01 4.291458e-01
J[649] 8.044408e-01 4.598981e-01
J[650] 8.311766e-01 4.846488e-01
J[651] 8.565777e-01 4.833514e-01
J[652] 8.626076e-01 4.659357e-01
J[653] 7.237575e-01 3.859691e-01
J[654] 7.520756e-01 3.424444e-01
J[655] 7.355432e-01 3.457986e-01
J[656] 7.747135e-01 3.716605e-01
J[657] 7.572329e-01 4.023757e-01
J[658] 8.211787e-02 5.964163e-01
J[659] 7.434580e-02 5.475907e-01
J[660] 9.257227e-02 5.361058e-01
J[661] 4.144463e-01 9.170329e-01
J[662] 4.132814e-01 9.270923e-01
J[663] 3.734708e-01 8.963509e-01
J[664] 3.447766e-01 9.043193e-01
J[665] 5.044277e-01 4.573902e-02
J[666] 5.088431e-01 6.913404e-02
J[667] 5.529318e-01 7.807996e-02
J[668] 5.430097e-01 2.643936e-02
J[669] 5.672547e-01 5.328790e-02
J[670] 6.552021e-01 1.205811e-01
J[671] 6.374469e-01 1.755609e-01
J[672] 7.032767e-01 2.289881e-01
J[673] 6.887765e-01 2.433573e-01
J[674] 6.002731e-01 3.174676e-01
J[675] 5.749299e-01 3.502291e-01
J[676] 4.846863e-01 2.718253e-01
J[677] 4.525277e-01 3.445338e-01
J[678] 4.694310e-01 3.480344e-01
J[679] 4.757413e-01 3.751846e-01
J[680] 5.075570e-01 7.061384e-02
J[681] 4.454482e-01 5.916233e-02
J[682] 4.454476e-01 5.916099e-02
J[683] 4.280718e-02 5.086869e-02
J[684] 3.418575e-02 3.030501e-02
J[685] 4.931104e-01 9.643729e-01
J[686] 7.003610e-01 9.375607e-01
J[687] 6.789067e-01 9.465292e-01
J[688] 6.994420e-01 8.786811e-01
J[689] 6.572508e-01 8.846069e-01
J[690] 6.508462e-01 8.400178e-01
J[691] 6.622195e-01 6.706109e-01
J[692] 6.672894e-01 7.022228e-01
J[693] 6.750881e-01 6.592444e-01
J[694] 6.974204e-01 6.656408e-01
J[695] 7.042110e-01 7.174577e-01
J[696] 6.923946e-01 7.209862e-01
J[697] 1.816532e-02 8.282621e-01
J[698] 4.996854e-01 8.202994e-01
J[699] 5.042675e-01 8.338395e-01
J[700] 5.536609e-01 7.846764e-01
J[701] 5.345055e-01 7.807845e-01
J[702] 5.398875e-01 8.353930e-01
J[703] 4.032125e-01 6.194985e-01
J[704] 4.010861e-01 6.287750e-01
J[705] 3.672330e-01 6.417816e-01
J[706] 3.576516e-01 6.370209e-01
J[707] 3.496560e-01 5.934675e-01
J[708] 3.609833e-01 5.856665e-01
J[709] 5.172149e-01 5.458189e-01
J[710] 5.033664e-01 5.646545e-01
J[711] 6.066138e-01 5.432153e-01
J[712] 6.295260e-01 5.900243e-01
J[713] 5.009076e-01 5.102674e-01
J[714] 4.904727e-01 5.095661e-01
J[715] 5.539837e-01 4.990648e-01
J[716] 4.962795e-01 4.141242e-01
J[717] 4.764991e-01 4.257325e-01
J[718] 5.377904e-01 4.488797e-01
J[719] 3.852536e-01 4.984989e-01
J[720] 3.479836e-01 5.332311e-01
J[721] 3.576878e-01 4.798608e-01
J[722] 3.318590e-01 5.027278e-01
J[723] 3.404293e-01 5.483047e-01
J[724] 3.777531e-01 5.280535e-01
J[725] 3.926923e-01 3.404019e-01
J[726] 3.950807e-01 3.051161e-01
J[727] 3.835559e-01 3.277086e-01
J[728] 4.446569e-01 3.316073e-01
J[729] 3.646044e-01 4.023178e-01
J[730] 3.663402e-01 4.326432e-01
J[731] 3.030032e-01 4.119874e-01
J[732] 3.132234e-01 4.449865e-01
J[733] 8.598048e-01 9.892901e-01
J[734] 8.517839e-01 9.753311e-01
J[735] 8.028493e-01 9.775877e-01
J[736] 5.632527e-02 6.465175e-01
J[737] 4.316869e-02 6.728430e-01
J[738] 6.285122e-02 7.321933e-01
J[739] 6.285218e-02 7.321943e-01
J[740] 2.890296e-02 2.372947e-01
J[741] 7.974061e-02 2.524775e-01
J[742] 5.897230e-02 2.604589e-01
J[743] 5.800523e-02 3.993727e-01
J[744] 7.798274e-02 4.416551e-01
J[745] 7.513679e-02 4.084527e-01
J[746] 1.260605e-01 4.203345e-01
J[747] 9.765460e-02 4.495547e-01
J[748] 1.164963e-01 3.908616e-01
J[749] 1.032934e-01 3.871073e-01
J[750] 5.924344e-02 3.574949e-01
J[751] 8.608104e-02 3.142638e-01
J[752] 5.593697e-02 2.961916e-01
J[753] 2.886028e-02 3.521633e-01
J[754] 4.155395e-02 3.460146e-01
J[755] 4.015674e-02 3.039592e-01
J[756] 4.129431e-02 3.045547e-01
J[757] 9.522175e-01 9.780590e-02
J[758] 9.161151e-01 1.069144e-01
J[759] 9.565341e-01 6.843592e-02
J[760] 8.186621e-01 1.183315e-01
J[761] 8.292258e-01 8.466546e-02
J[762] 7.817773e-01 1.142766e-01
J[763] 8.089982e-01 4.067950e-02
J[764] 8.215945e-01 5.792498e-02
J[765] 8.170182e-01 6.908290e-02
J[766] 7.647534e-01 3.726578e-02
J[767] 7.535692e-01 5.433966e-02
J[768] 7.751576e-01 8.018609e-02
J[769] 8.478171e-01 1.355091e-02
J[770] 9.019196e-01 9.951171e-01
J[771] 9.503918e-01 2.863048e-01
J[772] 9.482518e-01 2.962305e-01
J[773] 9.788923e-01 3.137650e-01
J[774] 9.596562e-01 3.118453e-01
J[775] 9.802020e-01 2.493384e-01
J[776] 9.049243e-01 2.064178e-01
J[777] 9.552411e-01 1.916265e-01
J[778] 9.243252e-01 2.438217e-01
J[779] 9.619083e-01 2.315060e-01
J[780] 9.671680e-01 1.808352e-01
J[781] 9.929942e-01 1.922110e-01
J[782] 9.965410e-01 2.425082e-01
J[783] 6.469657e-01 3.253595e-01
J[784] 6.682611e-01 3.011066e-01
J[785] 6.751178e-01 3.020514e-01
J[786] 6.954094e-01 3.364133e-01
J[787] 6.860003e-01 3.600747e-01
J[788] 6.652395e-01 3.623686e-01
J[789] 8.609292e-01 3.352314e-01
J[790] 8.333272e-01 3.430969e-01
J[791] 8.278133e-01 3.681728e-01
J[792] 8.678716e-01 4.110532e-01
J[793] 9.173229e-01 4.233925e-01
J[794] 8.635868e-01 3.899096e-01
J[795] 9.281460e-01 4.095149e-01
J[796] 1.157040e-01 5.475746e-01
J[797] 1.513944e-01 5.227372e-01
J[798] 1.192668e-01 5.878610e-01
J[799] 3.400955e-01 9.193773e-01
J[800] 3.607714e-01 9.403689e-01
J[801] 3.002319e-01 9.262796e-01
J[802] 3.000540e-01 9.266462e-01
J[803] 3.134569e-01 9.581970e-01
J[804] 3.576024e-01 9.634849e-01
J[805] 5.487108e-01 1.161014e-01
J[806] 6.135933e-01 8.700966e-02
J[807] 6.285488e-01 1.147500e-01
J[808] 5.438926e-01 1.205010e-01
J[809] 5.586086e-01 8.818129e-02
J[810] 5.145748e-01 2.070164e-01
J[811] 6.681113e-01 1.480170e-01
J[812] 7.131588e-01 1.767202e-01
J[813] 7.007325e-01 1.477166e-01
J[814] 6.942994e-01 1.970825e-01
J[815] 6.600622e-01 1.845835e-01
J[816] 5.388158e-01 3.581431e-01
J[817] 5.595947e-01 3.463136e-01
J[818] 4.821622e-01 2.325740e-01
J[819] 4.846855e-01 2.718240e-01
J[820] 4.287831e-01 2.403864e-01
J[821] 4.521463e-01 2.215646e-01
J[822] 4.644538e-01 8.290822e-02
J[823] 3.660737e-01 1.074804e-01
J[824] 3.722457e-01 1.162809e-01
J[825] 3.254850e-01 1.343331e-01
J[826] 3.383556e-01 1.088647e-01
J[827] 3.694617e-01 9.696275e-02
J[828] 4.076333e-01 6.853452e-02
J[829] 3.517924e-01 4.224093e-02
J[830] 3.878540e-01 3.200933e-02
J[831] 5.973828e-01 9.770880e-01
J[832] 5.423885e-01 9.548757e-01
J[833] 5.864958e-01 9.615137e-01
J[834] 5.498673e-01 9.643104e-01
J[835] 6.548594e-01 8.840784e-01
J[836] 6.496425e-01 8.755971e-01
J[837] 6.072987e-01 8.843506e-01
J[838] 6.273463e-01 9.298595e-01
J[839] 6.032895e-01 9.307877e-01
J[840] 5.387864e-02 8.900591e-01
J[841] 4.673340e-02 8.345927e-01
J[842] 4.971174e-02 8.926135e-01
J[843] 5.490490e-01 8.276394e-01
J[844] 5.563064e-01 7.906749e-01
J[845] 6.009629e-01 8.405416e-01
J[846] 6.110736e-01 8.079719e-01
J[847] 5.147272e-01 6.010022e-01
J[848] 5.122112e-01 6.642417e-01
J[849] 6.054046e-01 5.439583e-01
J[850] 5.291991e-01 6.040163e-01
J[851] 4.565912e-01 4.777522e-01
J[852] 4.119545e-01 4.895770e-01
J[853] 4.568850e-01 4.744623e-01
J[854] 4.092411e-01 4.534926e-01
J[855] 4.172677e-01 4.443838e-01
J[856] 4.332509e-01 4.454015e-01
J[857] 4.527024e-01 4.198190e-01
J[858] 5.160784e-01 4.911913e-01
J[859] 5.668695e-01 4.845345e-01
J[860] 5.377898e-01 4.488810e-01
J[861] 5.071882e-01 4.670484e-01
J[862] 4.871705e-01 4.597748e-01
J[863] 4.193014e-01 5.866032e-01
J[864] 4.320658e-01 6.167436e-01
J[865] 4.214694e-01 6.108593e-01
J[866] 1.536477e-02 7.171029e-01
J[867] 5.096264e-02 7.423847e-01
J[868] 4.513819e-02 7.825328e-01
J[869] 3.728882e-02 7.845304e-01
J[870] 7.956625e-02 6.324878e-01
J[871] 6.694887e-02 6.470444e-01
J[872] 1.050828e-01 6.396186e-01
J[873] 8.561339e-02 6.994647e-01
J[874] 1.137837e-01 6.740370e-01
J[875] 9.321885e-02 7.002795e-01
J[876] 3.896983e-02 2.068941e-01
J[877] 7.253151e-02 1.558236e-01
J[878] 9.080438e-01 2.062646e-02
J[879] 8.752013e-01 3.952771e-02
J[880] 8.724500e-01 4.925254e-02
J[881] 8.871949e-01 7.266549e-02
J[882] 9.013932e-01 7.489135e-02
J[883] 9.278611e-01 2.874029e-02
J[884] 9.297328e-01 5.111462e-02
J[885] 9.788936e-01 3.137646e-01
J[886] 9.160990e-01 3.849193e-01
J[887] 8.793710e-01 3.777438e-01
J[888] 8.777206e-01 3.474091e-01
J[889] 9.009255e-01 3.359171e-01
J[890] 9.335216e-01 3.610271e-01
J[891] 9.296623e-01 3.488345e-01
J[892] 1.881404e-01 5.249061e-01
J[893] 1.626761e-01 5.306379e-01
J[894] 1.807718e-01 5.818987e-01
J[895] 2.021664e-01 5.420707e-01
J[896] 1.497686e-01 5.774862e-01
J[897] 1.263290e-01 5.922739e-01
J[898] 5.872874e-01 1.567185e-01
J[899] 5.795193e-01 1.191561e-01
J[900] 6.293342e-01 1.580182e-01
J[901] 6.285474e-01 1.147501e-01
J[902] 5.419845e-01 1.624855e-01
J[903] 5.275100e-01 1.975769e-01
J[904] 5.770308e-01 1.685591e-01
J[905] 5.793346e-01 2.873185e-01
J[906] 5.227820e-01 2.586913e-01
J[907] 5.284918e-01 2.485528e-01
J[908] 5.416585e-01 2.925683e-01
J[909] 5.562596e-01 2.978373e-01
J[910] 5.231893e-01 3.448080e-01
J[911] 5.259818e-01 3.066290e-01
J[912] 4.770238e-01 3.403854e-01
J[913] 4.864355e-01 2.976554e-01
J[914] 4.747012e-01 2.761215e-01
J[915] 4.252861e-01 2.978603e-01
J[916] 4.481078e-01 3.114764e-01
J[917] 4.303405e-01 2.504466e-01
J[918] 4.217054e-01 2.568302e-01
J[919] 3.870104e-01 2.532453e-01
J[920] 4.486098e-01 1.997953e-01
J[921] 5.057773e-01 1.929840e-01
J[922] 4.674184e-01 1.845286e-01
J[923] 5.203787e-01 1.286585e-01
J[924] 5.153046e-01 1.246276e-01
J[925] 3.880772e-01 1.155093e-01
J[926] 4.101648e-01 1.592927e-01
J[927] 4.313652e-01 1.513940e-01
J[928] 4.353865e-01 8.740864e-02
J[929] 4.353873e-01 8.740986e-02
J[930] 5.560005e-01 9.202351e-01
J[931] 5.930651e-01 9.153032e-01
J[932] 5.519995e-01 9.158706e-01
J[933] 6.009630e-01 8.405430e-01
J[934] 5.928657e-01 8.633886e-01
J[935] 5.573140e-01 8.808471e-01
J[936] 5.982196e-01 6.327032e-01
J[937] 5.979526e-01 6.133104e-01
J[938] 5.459174e-01 6.640305e-01
J[939] 5.345950e-01 6.576910e-01
J[940] 5.262164e-01 5.456323e-01
J[941] 5.490795e-01 5.655890e-01
J[942] 5.556116e-01 5.048871e-01
J[943] 5.844960e-01 5.343580e-01
J[944] 5.877493e-01 5.883109e-01
J[945] 5.510437e-01 5.798319e-01
J[946] 5.898796e-01 6.091913e-01
J[947] 5.437178e-01 6.271529e-01
J[948] 4.316708e-01 5.049884e-01
J[949] 4.289584e-01 5.054941e-01
J[950] 4.674560e-01 5.373825e-01
J[951] 4.709592e-01 5.565434e-01
J[952] 4.209021e-01 5.331496e-01
J[953] 4.597001e-01 5.675163e-01
J[954] 4.594415e-01 6.074036e-01
J[955] 4.677759e-01 5.939126e-01
J[956] 5.076732e-01 6.076988e-01
J[957] 4.837276e-01 6.517928e-01
J[958] 5.013817e-01 6.510494e-01
J[959] 3.919383e-01 5.413808e-01
J[960] 4.407182e-01 5.639891e-01
J[961] 3.898653e-01 5.696016e-01
J[962] 2.323967e-02 1.855880e-01
J[963] 3.456158e-02 1.608544e-01
J[964] 8.415976e-02 2.304620e-01
J[965] 6.296855e-02 2.049461e-01
J[966] 1.179399e-01 2.137916e-01
J[967] 1.077811e-01 1.736815e-01
J[968] 8.289088e-02 1.719096e-01
J[969] 4.874530e-02 4.658682e-01
J[970] 4.657219e-02 5.105446e-01
J[971] 5.846617e-02 4.939044e-01
J[972] 3.614934e-02 4.128462e-01
J[973] 3.564806e-02 4.592754e-01
J[974] 3.464366e-03 2.473658e-01
J[975] 3.464267e-03 2.480888e-01
J[976] 5.814924e-01 2.785986e-01
J[977] 5.588547e-01 2.494642e-01
J[978] 3.999566e-01 1.795777e-01
J[979] 4.037916e-01 1.873593e-01
J[980] 3.895619e-01 2.109907e-01
J[981] 3.617560e-01 1.713152e-01
J[982] 3.526299e-01 2.214840e-01
J[983] 3.413381e-01 2.107185e-01
J[984] 3.497373e-01 1.776429e-01
J[985] 4.729091e-01 1.135803e-01
J[986] 5.003001e-01 1.297805e-01
J[987] 4.411747e-01 1.547087e-01
J[988] 4.666914e-01 1.803340e-01
J[989] 5.839724e-01 1.918996e-01
J[990] 5.613572e-01 2.129500e-01
J[991] 5.687187e-01 2.329561e-01
J[992] 6.600609e-01 1.845841e-01
J[993] 6.120231e-01 1.999537e-01
J[994] 6.118464e-01 2.358794e-01
J[995] 6.200461e-01 2.260741e-01
J[996] 6.166232e-01 2.641311e-01
J[997] 6.268402e-01 2.716705e-01
J[998] 6.666528e-01 2.405894e-01
J[999] 6.574646e-01 2.266097e-01

E[0] 35 38 0 0
E[1] 35 36 0 0
E[2] 36 37 0 0
E[3] 37 39 0 0
E[4] 38 40 0 0
E[5] 39 40 0 0
E[6] 2 47 0 0
E[7] 47 48 0 0
E[8] 12 50 0 0
E[9] 49 50 0 0
E[10] 32 33 0 -1
E[11] 32 85 0 0
E[12] 33 34 0 0
E[13] 34 40 0 0
E[14] 39 52 0 0
E[15] 52 85 0 1
E[16] 0 1 0 0
E[17] 61 0 0 0
E[18] 49 1 0 0
E[19] 2 61 0 0
E[20] 543 61 0 0
E[21] 0 64 0 0
E[22] 60 64 0 0
E[23] 1 4 0 0
E[24] 44 4 0 0
E[25] 3 63 0 0
E[26] 63 64 0 0
E[27] 6 25 0 0
E[28] 6 7 0 0
E[29] 7 73 0 0
E[30] 24 25 0 0
E[31] 24 74 0 0
E[32] 73 74 0 0
E[33] 69 71 0 0
E[34] 69 78 0 0
E[35] 71 82 0 0
E[36] 78 79 0 0
E[37] 79 81 0 0
E[38] 81 82 0 0
E[39] 89 91 0 0
E[40] 89 90 0 0
E[41] 90 92 0 0
E[42] 91 92 0 0
E[43] 97 98 0 0
E[44] 97 101 0 0
E[45] 98 100 1 0
E[46] 99 100 0 0
E[47] 99 103 -1 0
E[48] 101 102 0 0
E[49] 101 104 0 0
E[50] 103 104 0 0
E[51] 15 102 0 0
E[52] 15 16 0 0
E[53] 16 17 0 0
E[54] 17 18 0 0
E[55] 18 104 0 0
E[56] 18 27 0 0
E[57] 116 27 -1 0
E[58] 26 103 -1 0
E[59] 19 21 0 0
E[60] 19 107 0 0
E[61] 22 106 0 0
E[62] 106 108 0 0
E[63] 107 108 0 0
E[64] 105 106 0 0
E[65] 108 118 1 0
E[66] 111 112 0 0
E[67] 111 114 0 0
E[68] 112 113 0 0
E[69] 113 115 0 0
E[70] 114 115 0 0
E[71] 116 866 0 0
E[72] 26 869 0 0
E[73] 26 116 0 0
E[74] 99 869 0 0
E[75] 30 118 0 0
E[76] 386 30 1 0
E[77] 31 119 0 1
E[78] 119 583 0 0
E[79] 120 583 0 1
E[80] 803 33 0 0
E[81] 31 120 0 0
E[82] 32 119 0 0
E[83] 34 122 0 0
E[84] 38 121 0 0
E[85] 121 122 0 0
E[86] 35 42 0 0
E[87] 42 128 0 0
E[88] 121 129 0 0
E[89] 128 129 0 0
E[90] 44 45 0 0
E[91] 3 134 0 0
E[92] 45 135 0 0
E[93] 134 135 0 0
E[94] 12 13 0 0
E[95] 12 48 0 0
E[96] 13 148 0 0
E[97] 50 147 0 0
E[98] 147 148 0 0
E[99] 2 49 0 0
E[100] 4 151 0 0
E[101] 147 152 0 0
E[102] 151 152 0 0
E[103] 51 146 0 0
E[104] 51 52 0 -1
E[105] 178 392 0 1
E[106] 178 179 0 0
E[107] 179 180 0 0
E[108] 51 180 0 -1
E[109] 57 178 0 0
E[110] 57 177 0 0
E[111] 177 584 0 1
E[112] 8 9 0 0
E[113] 8 57 0 0
E[114] 9 36 0 0
E[115] 37 179 0 0
E[116] 58 182 0 0
E[117] 58 59 0 0
E[118] 59 181 0 0
E[119] 181 182 0 0
E[120] 65 184 0 0
E[121] 65 66 0 0
E[122] 342 66 0 0
E[123] 184 185 0 0
E[124] 78 189 0 0
E[125] 79 188 0 0
E[126] 188 189 0 0
E[127] 194 582 0 1
E[128] 193 194 0 0
E[129] 70 71 0 0
E[130] 70 208 0 0
E[131] 82 207 0 0
E[132] 207 208 0 0
E[133] 70 198 0 0
E[134] 198 199 0 0
E[135] 199 209 0 0
E[136] 208 209 0 0
E[137] 213 53 0 0
E[138] 53 172 0 0
E[139] 54 213 0 0
E[140] 55 56 0 0
E[141] 55 212 0 0
E[142] 172 56 0 0
E[143] 171 172 0 0
E[144] 212 213 0 0
E[145] 41 28 0 0
E[146] 28 84 0 0
E[147] 29 214 0 0
E[148] 84 215 0 0
E[149] 214 215 0 0
E[150] 85 158 0 0
E[151] 146 161 0 0
E[152] 158 161 0 0
E[153] 144 180 0 -1
E[154] 144 145 0 0
E[155] 145 146 0 0
E[156] 86 87 0 0
E[157] 219 86 0 0
E[158] 87 222 0 0
E[159] 220 226 0 0
E[160] 222 226 0 0
E[161] 87 217 0 0
E[162] 89 216 0 0
E[163] 91 224 0 0
E[164] 216 217 0 0
E[165] 222 224 0 0
E[166] 88 228 0 0
E[167] 88 92 0 0
E[168] 223 224 0 0
E[169] 223 227 0 0
E[170] 227 228 0 0
E[171] 223 238 0 0
E[172] 225 226 0 0
E[173] 225 239 0 0
E[174] 238 239 0 0
E[175] 227 240 0 0
E[176] 238 240 0 0
E[177] 228 229 0 0
E[178] 229 241 0 0
E[179] 423 240 0 0
E[180] 259 842 0 0
E[181] 697 259 0 0
E[182] 107 259 1 0
E[183] 19 98 0 0
E[184] 100 697 0 0
E[185] 95 252 0 0
E[186] 95 264 0 0
E[187] 247 250 0 0
E[188] 247 251 0 0
E[189] 250 265 0 0
E[190] 95 251 0 0
E[191] 264 265 0 0
E[192] 204 205 0 0
E[193] 894 268 0 0
E[194] 205 267 0 0
E[195] 267 268 0 0
E[196] 266 267 0 0
E[197] 266 271 0 0
E[198] 268 270 0 0
E[199] 270 271 0 0
E[200] 281 282 0 0
E[201] 281 283 0 0
E[202] 282 284 0 0
E[203] 283 284 0 0
E[204] 123 130 0 0
E[205] 123 127 0 0
E[206] 127 282 0 0
E[207] 130 131 0 0
E[208] 131 281 0 0
E[209] 127 277 0 0
E[210] 183 280 0 0
E[211] 183 284 0 0
E[212] 277 280 0 0
E[213] 136 288 0 0
E[214] 136 145 0 0
E[215] 137 289 0 0
E[216] 137 160 0 0
E[217] 160 161 0 0
E[218] 288 289 0 0
E[219] 46 291 0 0
E[220] 46 136 0 0
E[221] 140 292 0 0
E[222] 140 290 0 0
E[223] 288 290 0 0
E[224] 291 292 0 0
E[225] 137 294 0 0
E[226] 289 297 0 0
E[227] 294 297 0 0
E[228] 45 295 0 0
E[229] 135 141 0 0
E[230] 140 141 0 0
E[231] 290 296 0 0
E[232] 295 296 0 0
E[233] 296 297 0 0
E[234] 151 299 0 0
E[235] 152 153 0 0
E[236] 153 298 0 0
E[237] 298 299 0 0
E[238] 3 44 0 0
E[239] 295 300 0 0
E[240] 299 300 0 0
E[241] 303 304 0 0
E[242] 303 307 0 0
E[243] 304 305 0 0
E[244] 305 306 0 0
E[245] 306 309 0 0
E[246] 307 308 0 0
E[247] 308 310 0 0
E[248] 309 310 0 0
E[249] 72 74 0 0
E[250] 72 164 0 0
E[251] 73 303 0 0
E[252] 164 304 0 0
E[253] 7 262 0 0
E[254] 262 263 0 0
E[255] 263 307 0 0
E[256] 109 110 0 0
E[257] 109 261 0 0
E[258] 110 308 0 0
E[259] 261 263 0 0
E[260] 169 313 0 0
E[261] 165 169 0 0
E[262] 168 314 0 0
E[263] 168 170 0 0
E[264] 169 173 0 0
E[265] 168 173 0 0
E[266] 313 314 0 0
E[267] 59 75 0 0
E[268] 75 76 0 0
E[269] 76 77 0 0
E[270] 77 201 0 0
E[271] 181 318 0 0
E[272] 200 201 0 0
E[273] 200 317 0 0
E[274] 317 318 0 0
E[275] 332 327 0 0
E[276] 327 328 0 0
E[277] 328 330 0 0
E[278] 329 331 0 0
E[279] 329 332 0 0
E[280] 330 331 0 0
E[281] 332 333 0 0
E[282] 124 331 0 0
E[283] 124 126 0 0
E[284] 125 126 0 0
E[285] 125 329 0 0
E[286] 80 125 0 0
E[287] 80 325 0 0
E[288] 333 325 0 0
E[289] 324 333 0 0
E[290] 324 326 0 0
E[291] 187 325 0 0
E[292] 324 335 0 0
E[293] 327 337 0 0
E[294] 335 337 0 0
E[295] 183 336 0 0
E[296] 283 328 0 0
E[297] 336 337 0 0
E[298] 186 187 0 0
E[299] 326 339 0 0
E[300] 187 326 0 0
E[301] 334 335 0 0
E[302] 334 340 0 0
E[303] 339 340 0 0
E[304] 341 342 0 0
E[305] 341 343 0 0
E[306] 185 345 0 0
E[307] 343 344 0 0
E[308] 344 345 0 0
E[309] 184 338 0 0
E[310] 185 342 0 0
E[311] 334 345 0 0
E[312] 338 340 0 0
E[313] 336 344 0 0
E[314] 65 349 0 0
E[315] 338 347 0 0
E[316] 347 349 0 0
E[317] 163 301 0 0
E[318] 163 192 0 0
E[319] 192 357 0 0
E[320] 301 323 0 0
E[321] 323 361 0 0
E[322] 357 361 0 0
E[323] 195 363 0 0
E[324] 195 309 0 0
E[325] 260 365 0 0
E[326] 260 310 0 0
E[327] 363 365 0 0
E[328] 11 196 0 0
E[329] 48 11 0 0
E[330] 13 366 0 0
E[331] 196 367 0 0
E[332] 366 367 0 0
E[333] 68 368 0 0
E[334] 68 150 0 0
E[335] 148 150 0 0
E[336] 366 368 0 0
E[337] 195 371 0 0
E[338] 197 372 0 0
E[339] 302 306 0 0
E[340] 371 372 0 0
E[341] 200 373 0 0
E[342] 317 319 0 0
E[343] 319 374 0 0
E[344] 373 374 0 0
E[345] 69 377 0 0
E[346] 198 378 0 0
E[347] 377 378 0 0
E[348] 379 382 0 0
E[349] 379 380 0 0
E[350] 380 381 0 0
E[351] 381 385 0 0
E[352] 382 383 0 0
E[353] 385 383 0 0
E[354] 384 385 0 0
E[355] 81 379 0 0
E[356] 206 207 0 0
E[357] 206 382 0 0
E[358] 80 380 0 0
E[359] 186 188 0 0
E[360] 126 202 0 0
E[361] 202 381 0 0
E[362] 202 203 0 0
E[363] 384 203 0 0
E[364] 205 206 0 0
E[365] 266 383 0 0
E[366] 271 275 0 0
E[367] 274 275 0 0
E[368] 274 384 0 0
E[369] 20 623 0 0
E[370] 387 586 0 1
E[371] 386 387 1 0
E[372] 20 210 0 0
E[373] 105 20 0 0
E[374] 210 624 0 1
E[375] 386 105 0 0
E[376] 214 390 0 0
E[377] 215 388 0 0
E[378] 388 390 0 0
E[379] 9 389 0 0
E[380] 29 41 0 0
E[381] 29 42 0 0
E[382] 389 390 0 0
E[383] 144 392 0 0
E[384] 46 139 0 0
E[385] 138 139 0 0
E[386] 138 391 0 0
E[387] 391 392 0 0
E[388] 62 63 0 0
E[389] 62 393 0 0
E[390] 134 395 0 0
E[391] 62 394 0 0
E[392] 394 395 0 0
E[393] 141 293 0 0
E[394] 293 397 0 0
E[395] 395 397 0 0
E[396] 10 43 0 1
E[397] 10 193 0 0
E[398] 43 132 0 0
E[399] 132 685 0 -1
E[400] 133 834 0 -1
E[401] 132 133 0 0
E[402] 86 400 0 0
E[403] 217 398 0 0
E[404] 398 400 0 0
E[405] 220 401 0 0
E[406] 219 220 0 0
E[407] 221 225 0 0
E[408] 221 402 0 0
E[409] 401 402 0 0
E[410] 88 403 0 0
E[411] 90 231 0 0
E[412] 231 405 0 0
E[413] 403 405 0 0
E[414] 216 408 0 0
E[415] 231 407 0 0
E[416] 407 408 0 0
E[417] 218 399 0 0
E[418] 218 409 0 0
E[419] 398 399 0 0
E[420] 408 409 0 0
E[421] 420 236 0 0
E[422] 236 414 0 0
E[423] 237 285 0 0
E[424] 285 415 0 0
E[425] 414 415 0 0
E[426] 236 416 0 0
E[427] 413 414 0 0
E[428] 413 522 0 -1
E[429] 416 522 0 -1
E[430] 235 417 0 0
E[431] 235 418 0 0
E[432] 237 420 0 0
E[433] 416 417 0 0
E[434] 418 420 0 0
E[435] 812 239 0 0
E[436] 241 423 0 0
E[437] 421 423 0 0
E[438] 418 424 0 0
E[439] 419 422 0 0
E[440] 237 419 0 0
E[441] 422 424 0 0
E[442] 230 245 0 0
E[443] 245 683 0 0
E[444] 244 425 0 0
E[445] 244 245 1 0
E[446] 425 684 1 0
E[447] 426 427 0 0
E[448] 426 428 0 0
E[449] 427 429 0 0
E[450] 428 429 0 0
E[451] 93 115 0 0
E[452] 93 248 0 0
E[453] 114 429 0 0
E[454] 246 427 0 0
E[455] 246 249 0 0
E[456] 248 249 0 0
E[457] 6 428 0 0
E[458] 25 111 0 0
E[459] 430 433 0 0
E[460] 430 431 0 0
E[461] 431 432 0 0
E[462] 432 435 0 0
E[463] 433 434 0 0
E[464] 434 435 0 0
E[465] 246 430 0 0
E[466] 426 433 0 0
E[467] 249 250 0 0
E[468] 265 431 0 0
E[469] 262 434 0 0
E[470] 16 94 0 0
E[471] 17 439 0 0
E[472] 94 437 0 0
E[473] 437 439 0 0
E[474] 94 444 0 0
E[475] 437 438 0 0
E[476] 438 440 0 0
E[477] 440 444 0 0
E[478] 247 442 0 0
E[479] 248 441 0 0
E[480] 441 442 0 0
E[481] 5 254 0 0
E[482] 5 443 0 0
E[483] 93 255 0 0
E[484] 254 255 0 0
E[485] 441 443 0 0
E[486] 5 14 0 0
E[487] 14 15 0 0
E[488] 443 444 0 0
E[489] 438 446 0 0
E[490] 439 445 0 0
E[491] 445 446 0 0
E[492] 27 448 0 0
E[493] 445 448 0 0
E[494] 447 578 1 0
E[495] 447 448 0 0
E[496] 449 736 0 0
E[497] 447 449 1 0
E[498] 451 493 0 0
E[499] 449 451 0 0
E[500] 436 495 0 0
E[501] 436 450 -1 0
E[502] 450 451 1 0
E[503] 454 456 0 0
E[504] 454 753 1 0
E[505] 455 753 0 0
E[506] 455 457 -1 0
E[507] 456 457 0 0
E[508] 453 972 0 0
E[509] 453 455 0 0
E[510] 436 460 -1 0
E[511] 461 970 1 0
E[512] 460 461 0 0
E[513] 466 467 0 0
E[514] 466 468 0 0
E[515] 529 470 0 0
E[516] 468 469 0 0
E[517] 469 470 0 0
E[518] 167 470 0 0
E[519] 167 176 0 0
E[520] 176 316 0 0
E[521] 315 316 0 0
E[522] 315 469 0 0
E[523] 474 471 0 0
E[524] 471 472 0 0
E[525] 472 473 0 0
E[526] 473 474 0 0
E[527] 474 475 0 0
E[528] 22 472 0 0
E[529] 21 96 0 0
E[530] 96 256 0 0
E[531] 256 471 0 0
E[532] 21 22 0 0
E[533] 83 211 0 0
E[534] 83 175 0 0
E[535] 83 473 0 0
E[536] 210 211 0 0
E[537] 475 174 0 0
E[538] 174 175 0 0
E[539] 476 479 0 0
E[540] 476 477 0 0
E[541] 477 478 0 0
E[542] 478 481 0 0
E[543] 479 480 0 0
E[544] 480 481 0 0
E[545] 256 476 0 0
E[546] 475 479 0 0
E[547] 176 481 0 0
E[548] 316 478 0 0
E[549] 55 174 0 0
E[550] 56 480 0 0
E[551] 170 167 0 0
E[552] 170 171 0 0
E[553] 257 482 0 0
E[554] 482 484 0 0
E[555] 483 485 0 0
E[556] 484 485 0 0
E[557] 96 257 0 0
E[558] 97 482 0 0
E[559] 257 483 0 0
E[560] 102 484 0 0
E[561] 14 258 0 0
E[562] 258 485 0 0
E[563] 260 488 0 0
E[564] 364 365 0 0
E[565] 364 487 0 0
E[566] 487 488 0 0
E[567] 110 490 0 0
E[568] 488 490 0 0
E[569] 261 491 0 0
E[570] 435 492 0 0
E[571] 491 492 0 0
E[572] 117 499 0 0
E[573] 117 273 0 0
E[574] 273 276 0 0
E[575] 499 511 0 0
E[576] 499 500 0 0
E[577] 131 504 0 0
E[578] 330 502 0 0
E[579] 502 504 0 0
E[580] 41 272 0 0
E[581] 128 505 0 0
E[582] 272 503 0 0
E[583] 503 505 0 0
E[584] 129 130 0 0
E[585] 504 505 0 0
E[586] 506 508 0 0
E[587] 506 507 0 0
E[588] 507 510 0 0
E[589] 508 509 0 0
E[590] 276 509 0 0
E[591] 510 511 0 0
E[592] 124 506 0 0
E[593] 502 508 0 0
E[594] 203 507 0 0
E[595] 274 510 0 0
E[596] 503 509 0 0
E[597] 272 273 0 0
E[598] 276 511 0 0
E[599] 275 501 0 0
E[600] 500 501 0 0
E[601] 192 193 0 0
E[602] 194 513 0 0
E[603] 357 512 0 0
E[604] 512 513 0 0
E[605] 516 519 0 0
E[606] 516 521 0 0
E[607] 517 520 0 0
E[608] 517 518 0 0
E[609] 518 519 0 0
E[610] 520 521 0 0
E[611] 298 519 0 0
E[612] 300 516 0 0
E[613] 294 521 0 0
E[614] 158 159 0 0
E[615] 159 162 0 0
E[616] 160 520 0 0
E[617] 162 517 0 0
E[618] 156 518 0 0
E[619] 156 157 0 0
E[620] 157 162 0 0
E[621] 149 153 0 0
E[622] 149 156 0 0
E[623] 526 525 0 0
E[624] 523 621 0 0
E[625] 524 622 0 0
E[626] 524 525 0 0
E[627] 54 621 0 0
E[628] 54 242 0 1
E[629] 522 524 0 0
E[630] 165 527 0 0
E[631] 165 191 0 0
E[632] 190 191 0 0
E[633] 190 352 0 0
E[634] 311 528 0 0
E[635] 311 351 0 0
E[636] 351 352 0 0
E[637] 527 528 0 0
E[638] 467 532 0 0
E[639] 529 530 0 0
E[640] 530 534 0 0
E[641] 531 532 0 0
E[642] 531 533 0 0
E[643] 533 534 0 0
E[644] 253 466 0 0
E[645] 253 254 0 0
E[646] 255 532 0 0
E[647] 467 529 0 0
E[648] 314 530 0 0
E[649] 313 534 0 0
E[650] 113 531 0 0
E[651] 112 166 0 0
E[652] 695 533 0 0
E[653] 535 537 0 0
E[654] 535 536 0 0
E[655] 536 540 0 0
E[656] 537 538 0 0
E[657] 538 539 0 0
E[658] 539 540 0 0
E[659] 253 537 0 0
E[660] 468 535 0 0
E[661] 315 536 0 0
E[662] 477 540 0 0
E[663] 258 538 0 0
E[664] 483 539 0 0
E[665] 177 387 0 0
E[666] 8 30 0 0
E[667] 541 544 0 0
E[668] 541 542 0 0
E[669] 542 543 0 0
E[670] 60 545 0 0
E[671] 544 546 0 0
E[672] 545 546 0 0
E[673] 318 544 0 0
E[674] 319 541 0 0
E[675] 11 375 0 0
E[676] 47 542 0 0
E[677] 374 375 0 0
E[678] 60 543 0 0
E[679] 393 545 0 0
E[680] 182 546 0 0
E[681] 547 548 0 0
E[682] 547 549 0 0
E[683] 548 550 0 0
E[684] 549 550 0 0
E[685] 322 360 0 0
E[686] 321 547 0 0
E[687] 358 360 0 0
E[688] 359 548 0 0
E[689] 320 321 0 0
E[690] 320 341 0 0
E[691] 321 322 0 0
E[692] 343 549 0 0
E[693] 278 279 0 0
E[694] 359 278 0 0
E[695] 279 550 0 0
E[696] 358 359 0 0
E[697] 279 280 0 0
E[698] 320 555 0 0
E[699] 322 553 0 0
E[700] 553 555 0 0
E[701] 360 362 0 0
E[702] 362 554 0 0
E[703] 698 553 0 0
E[704] 66 556 0 0
E[705] 555 556 0 0
E[706] 349 350 0 0
E[707] 350 354 0 0
E[708] 353 354 0 0
E[709] 353 557 0 0
E[710] 556 557 0 0
E[711] 339 558 0 0
E[712] 347 348 0 0
E[713] 348 559 0 0
E[714] 558 559 0 0
E[715] 560 562 0 0
E[716] 560 561 0 0
E[717] 561 563 0 0
E[718] 562 563 0 0
E[719] 351 560 0 0
E[720] 352 353 0 0
E[721] 354 562 0 0
E[722] 164 567 0 0
E[723] 305 564 0 0
E[724] 712 567 0 0
E[725] 311 312 0 0
E[726] 312 566 0 0
E[727] 561 565 0 0
E[728] 565 566 0 0
E[729] 196 355 0 0
E[730] 355 356 0 0
E[731] 356 370 0 0
E[732] 367 568 0 0
E[733] 370 569 0 0
E[734] 568 569 0 0
E[735] 199 201 0 0
E[736] 373 576 0 0
E[737] 378 577 0 0
E[738] 576 577 0 0
E[739] 211 770 0 0
E[740] 28 579 0 0
E[741] 117 580 0 0
E[742] 579 580 0 0
E[743] 500 581 0 0
E[744] 580 581 0 0
E[745] 154 155 0 0
E[746] 154 582 0 0
E[747] 155 159 0 0
E[748] 582 583 0 0
E[749] 584 585 0 0
E[750] 585 586 0 0
E[751] 586 623 -1 -1
E[752] 391 584 0 0
E[753] 138 143 0 0
E[754] 139 588 0 0
E[755] 142 143 0 0
E[756] 142 587 0 0
E[757] 587 588 0 0
E[758] 291 589 0 0
E[759] 588 589 0 0
E[760] 75 590 0 0
E[761] 76 497 0 0
E[762] 497 498 0 0
E[763] 498 591 0 0
E[764] 590 591 0 0
E[765] 403 404 0 0
E[766] 404 600 0 0
E[767] 405 406 0 0
E[768] 406 597 0 0
E[769] 597 600 0 0
E[770] 406 410 0 0
E[771] 410 412 0 0
E[772] 412 599 0 0
E[773] 597 599 0 0
E[774] 230 598 -1 0
E[775] 411 587 0 0
E[776] 411 412 -1 0
E[777] 598 599 0 0
E[778] 570 571 0 0
E[779] 570 572 0 0
E[780] 571 606 0 0
E[781] 572 605 0 0
E[782] 605 606 0 0
E[783] 232 572 0 0
E[784] 232 233 0 0
E[785] 233 607 0 0
E[786] 605 607 0 0
E[787] 610 612 0 0
E[788] 610 611 0 0
E[789] 611 614 0 0
E[790] 612 613 0 0
E[791] 613 615 0 0
E[792] 615 614 0 0
E[793] 615 616 0 0
E[794] 371 610 0 0
E[795] 372 571 0 0
E[796] 606 612 0 0
E[797] 363 611 0 0
E[798] 364 609 0 0
E[799] 609 614 0 0
E[800] 413 617 0 0
E[801] 415 620 0 0
E[802] 617 620 0 0
E[803] 133 618 0 0
E[804] 619 831 0 0
E[805] 618 619 0 -1
E[806] 621 622 0 0
E[807] 617 619 0 -1
E[808] 417 622 0 -1
E[809] 623 625 0 1
E[810] 624 625 0 0
E[811] 425 625 0 0
E[812] 411 963 0 0
E[813] 626 628 0 0
E[814] 631 626 0 0
E[815] 627 629 0 0
E[816] 627 631 0 0
E[817] 628 629 0 0
E[818] 630 631 0 0
E[819] 251 626 0 0
E[820] 252 628 0 0
E[821] 442 630 0 0
E[822] 446 627 0 0
E[823] 450 629 0 0
E[824] 630 440 0 0
E[825] 252 458 0 0
E[826] 458 460 0 0
E[827] 453 633 -1 0
E[828] 457 632 0 0
E[829] 632 633 0 0
E[830] 634 635 0 0
E[831] 634 636 -1 0
E[832] 635 637 -1 0
E[833] 636 637 0 0
E[834] 635 973 0 0
E[835] 459 461 0 0
E[836] 459 634 1 0
E[837] 633 637 0 0
E[838] 264 639 0 0
E[839] 458 638 0 0
E[840] 638 639 0 0
E[841] 432 641 0 0
E[842] 639 641 0 0
E[843] 642 646 0 0
E[844] 642 643 0 0
E[845] 643 644 0 0
E[846] 644 645 0 0
E[847] 645 646 0 0
E[848] 459 642 0 0
E[849] 638 646 0 0
E[850] 636 643 0 0
E[851] 647 648 0 0
E[852] 647 649 0 0
E[853] 648 652 0 0
E[854] 649 650 0 0
E[855] 650 651 0 0
E[856] 651 652 0 0
E[857] 109 647 0 0
E[858] 464 465 0 0
E[859] 464 489 0 0
E[860] 465 648 0 0
E[861] 489 490 0 0
E[862] 491 649 0 0
E[863] 462 465 0 0
E[864] 462 640 0 0
E[865] 640 652 0 0
E[866] 492 650 0 0
E[867] 641 651 0 0
E[868] 640 645 0 0
E[869] 653 657 0 0
E[870] 653 655 0 0
E[871] 654 655 0 0
E[872] 654 656 0 0
E[873] 656 657 0 0
E[874] 486 653 0 0
E[875] 486 487 0 0
E[876] 489 657 0 0
E[877] 401 654 0 0
E[878] 402 594 0 0
E[879] 594 595 0 0
E[880] 595 655 0 0
E[881] 23 656 0 0
E[882] 23 219 0 0
E[883] 23 463 0 0
E[884] 463 464 0 0
E[885] 493 494 0 0
E[886] 493 495 0 0
E[887] 494 658 0 0
E[888] 495 496 0 0
E[889] 496 659 0 0
E[890] 658 659 0 0
E[891] 358 661 0 0
E[892] 361 362 0 0
E[893] 512 662 0 0
E[894] 661 662 0 0
E[895] 278 663 0 0
E[896] 661 663 0 0
E[897] 277 664 0 0
E[898] 663 664 0 0
E[899] 665 666 0 0
E[900] 665 668 0 0
E[901] 666 667 0 0
E[902] 667 669 0 0
E[903] 668 669 0 0
E[904] 43 287 0 0
E[905] 287 665 0 0
E[906] 618 668 0 0
E[907] 620 669 0 0
E[908] 221 672 0 0
E[909] 594 596 0 0
E[910] 596 673 0 0
E[911] 672 673 0 0
E[912] 613 675 0 0
E[913] 616 674 0 0
E[914] 674 675 0 0
E[915] 369 370 0 0
E[916] 369 679 0 0
E[917] 569 677 0 0
E[918] 678 677 0 0
E[919] 10 515 0 1
E[920] 287 681 0 0
E[921] 515 682 0 0
E[922] 681 682 0 0
E[923] 683 684 0 0
E[924] 142 230 0 0
E[925] 143 683 0 0
E[926] 585 684 0 0
E[927] 686 687 0 0
E[928] 686 688 0 0
E[929] 687 689 0 0
E[930] 688 689 0 0
E[931] 53 686 0 0
E[932] 523 526 0 0
E[933] 523 687 0 0
E[934] 171 688 0 0
E[935] 691 692 0 0
E[936] 691 693 0 0
E[937] 692 696 0 0
E[938] 693 694 0 0
E[939] 166 694 0 0
E[940] 695 696 0 0
E[941] 312 691 0 0
E[942] 528 692 0 0
E[943] 72 693 0 0
E[944] 566 567 0 0
E[945] 527 696 0 0
E[946] 24 694 0 0
E[947] 166 695 0 0
E[948] 699 698 0 0
E[949] 557 701 0 0
E[950] 698 701 0 0
E[951] 323 552 0 0
E[952] 554 552 0 0
E[953] 554 699 0 0
E[954] 551 552 0 0
E[955] 551 702 0 0
E[956] 699 702 0 0
E[957] 190 700 0 0
E[958] 700 701 0 0
E[959] 703 708 0 0
E[960] 703 704 0 0
E[961] 704 705 0 0
E[962] 705 706 0 0
E[963] 706 707 0 0
E[964] 707 708 0 0
E[965] 558 705 0 0
E[966] 559 704 0 0
E[967] 186 706 0 0
E[968] 189 707 0 0
E[969] 723 377 0 0
E[970] 376 708 0 0
E[971] 197 302 0 0
E[972] 302 711 0 0
E[973] 564 712 0 0
E[974] 564 711 0 0
E[975] 232 716 0 0
E[976] 570 718 0 0
E[977] 716 718 0 0
E[978] 724 719 0 0
E[979] 719 721 0 0
E[980] 720 722 0 0
E[981] 721 722 0 0
E[982] 574 575 0 0
E[983] 574 721 0 0
E[984] 575 576 0 0
E[985] 577 722 0 0
E[986] 376 723 0 0
E[987] 720 724 0 0
E[988] 720 723 0 0
E[989] 568 725 0 0
E[990] 677 728 0 0
E[991] 725 728 0 0
E[992] 368 727 0 0
E[993] 725 727 0 0
E[994] 67 68 0 0
E[995] 67 726 0 0
E[996] 726 727 0 0
E[997] 729 730 0 0
E[998] 729 731 0 0
E[999] 730 732 0 0
E[1000] 731 732 0 0
E[1001] 355 729 0 0
E[1002] 375 731 0 0
E[1003] 573 730 0 0
E[1004] 573 574 0 0
E[1005] 575 732 0 0
E[1006] 733 769 0 1
E[1007] 733 734 0 0
E[1008] 734 735 0 0
E[1009] 733 770 0 0
E[1010] 175 734 0 0
E[1011] 212 735 0 0
E[1012] 578 737 0 0
E[1013] 736 737 0 0
E[1014] 745 749 0 0
E[1015] 744 747 0 0
E[1016] 746 748 0 0
E[1017] 746 747 0 0
E[1018] 748 749 0 0
E[1019] 592 593 0 0
E[1020] 750 743 0 0
E[1021] 593 749 0 0
E[1022] 745 743 0 0
E[1023] 744 745 0 0
E[1024] 58 746 0 0
E[1025] 393 748 0 0
E[1026] 590 747 0 0
E[1027] 394 593 0 0
E[1028] 396 397 0 0
E[1029] 396 751 0 0
E[1030] 592 750 0 0
E[1031] 592 751 0 0
E[1032] 396 741 0 0
E[1033] 741 742 0 0
E[1034] 742 752 0 0
E[1035] 751 752 0 0
E[1036] 755 975 0 0
E[1037] 755 885 -1 0
E[1038] 750 754 0 0
E[1039] 752 756 0 0
E[1040] 754 756 0 0
E[1041] 740 974 0 0
E[1042] 740 742 0 0
E[1043] 755 756 0 0
E[1044] 753 754 0 0
E[1045] 598 757 0 0
E[1046] 600 758 0 0
E[1047] 757 758 0 0
E[1048] 244 759 0 0
E[1049] 757 759 0 0
E[1050] 601 602 0 0
E[1051] 601 760 0 0
E[1052] 602 761 0 0
E[1053] 760 761 0 0
E[1054] 229 762 0 0
E[1055] 404 601 0 0
E[1056] 760 762 0 0
E[1057] 763 764 0 0
E[1058] 763 766 0 0
E[1059] 764 765 0 0
E[1060] 765 768 0 0
E[1061] 766 767 0 0
E[1062] 767 768 0 0
E[1063] 242 243 0 -1
E[1064] 242 766 0 0
E[1065] 243 603 0 1
E[1066] 603 763 0 0
E[1067] 761 765 0 0
E[1068] 762 768 0 0
E[1069] 235 767 0 0
E[1070] 241 424 0 0
E[1071] 218 452 0 0
E[1072] 409 604 0 0
E[1073] 452 772 0 0
E[1074] 604 771 0 0
E[1075] 771 772 0 0
E[1076] 776 778 0 0
E[1077] 776 777 0 0
E[1078] 777 779 0 0
E[1079] 778 779 0 0
E[1080] 407 776 0 0
E[1081] 604 778 0 0
E[1082] 771 775 0 0
E[1083] 775 779 0 0
E[1084] 410 780 0 0
E[1085] 781 962 1 0
E[1086] 780 777 0 0
E[1087] 780 781 0 0
E[1088] 775 782 0 0
E[1089] 781 782 0 0
E[1090] 783 788 0 0
E[1091] 783 784 0 0
E[1092] 784 785 0 0
E[1093] 785 786 0 0
E[1094] 786 787 0 0
E[1095] 787 788 0 0
E[1096] 608 783 0 0
E[1097] 608 616 0 0
E[1098] 609 788 0 0
E[1099] 234 784 0 0
E[1100] 997 608 0 0
E[1101] 595 786 0 0
E[1102] 596 785 0 0
E[1103] 486 787 0 0
E[1104] 243 735 0 0
E[1105] 603 769 0 0
E[1106] 399 789 0 0
E[1107] 400 790 0 0
E[1108] 789 790 0 0
E[1109] 463 791 0 0
E[1110] 790 791 0 0
E[1111] 462 792 0 0
E[1112] 791 794 0 0
E[1113] 792 794 0 0
E[1114] 644 793 0 0
E[1115] 792 793 0 0
E[1116] 632 795 0 0
E[1117] 793 795 0 0
E[1118] 658 798 0 0
E[1119] 659 660 0 0
E[1120] 660 796 0 0
E[1121] 796 798 0 0
E[1122] 497 797 0 0
E[1123] 498 660 0 0
E[1124] 796 797 0 0
E[1125] 799 800 0 0
E[1126] 799 801 0 0
E[1127] 800 804 0 0
E[1128] 801 802 0 0
E[1129] 802 803 0 0
E[1130] 120 804 0 0
E[1131] 662 800 0 0
E[1132] 664 799 0 0
E[1133] 123 801 0 0
E[1134] 513 804 0 0
E[1135] 122 802 0 0
E[1136] 31 803 0 0
E[1137] 285 806 0 0
E[1138] 667 809 0 0
E[1139] 806 809 0 0
E[1140] 419 670 0 0
E[1141] 670 807 0 0
E[1142] 806 807 0 0
E[1143] 811 815 0 0
E[1144] 811 813 0 0
E[1145] 421 813 0 0
E[1146] 812 814 0 0
E[1147] 814 815 0 0
E[1148] 422 813 0 0
E[1149] 670 811 0 0
E[1150] 421 812 0 0
E[1151] 672 814 0 0
E[1152] 607 816 0 0
E[1153] 675 817 0 0
E[1154] 816 817 0 0
E[1155] 155 826 0 0
E[1156] 157 825 0 0
E[1157] 825 826 0 0
E[1158] 827 828 0 0
E[1159] 827 829 0 0
E[1160] 828 830 0 0
E[1161] 829 830 0 0
E[1162] 154 829 0 0
E[1163] 823 826 0 0
E[1164] 823 827 0 0
E[1165] 515 830 0 0
E[1166] 682 828 0 0
E[1167] 163 685 0 0
E[1168] 525 831 0 0
E[1169] 685 832 0 0
E[1170] 832 834 0 0
E[1171] 831 833 0 0
E[1172] 833 834 0 0
E[1173] 835 838 0 0
E[1174] 835 836 0 0
E[1175] 836 837 0 0
E[1176] 931 839 0 0
E[1177] 838 839 0 0
E[1178] 526 838 0 0
E[1179] 689 835 0 0
E[1180] 173 690 0 0
E[1181] 690 836 0 0
E[1182] 833 839 0 0
E[1183] 840 841 0 0
E[1184] 840 842 0 0
E[1185] 841 388 0 0
E[1186] 389 840 0 0
E[1187] 697 841 0 0
E[1188] 118 842 0 0
E[1189] 843 844 0 0
E[1190] 843 845 0 0
E[1191] 844 846 0 0
E[1192] 845 846 0 0
E[1193] 700 844 0 0
E[1194] 702 843 0 0
E[1195] 191 846 0 0
E[1196] 573 854 0 0
E[1197] 719 852 0 0
E[1198] 852 854 0 0
E[1199] 356 855 0 0
E[1200] 854 855 0 0
E[1201] 857 369 0 0
E[1202] 855 856 0 0
E[1203] 679 233 0 0
E[1204] 678 679 0 0
E[1205] 716 717 0 0
E[1206] 717 857 0 0
E[1207] 856 857 0 0
E[1208] 858 861 0 0
E[1209] 715 859 0 0
E[1210] 859 860 0 0
E[1211] 861 860 0 0
E[1212] 861 862 0 0
E[1213] 713 714 0 0
E[1214] 858 713 0 0
E[1215] 714 851 0 0
E[1216] 715 858 0 0
E[1217] 851 853 0 0
E[1218] 862 853 0 0
E[1219] 197 859 0 0
E[1220] 718 860 0 0
E[1221] 717 862 0 0
E[1222] 856 853 0 0
E[1223] 703 865 0 0
E[1224] 961 376 0 0
E[1225] 863 865 0 0
E[1226] 346 348 0 0
E[1227] 346 864 0 0
E[1228] 864 865 0 0
E[1229] 866 867 0 0
E[1230] 867 868 0 0
E[1231] 868 869 0 0
E[1232] 578 866 0 0
E[1233] 737 738 0 0
E[1234] 738 867 0 0
E[1235] 84 868 0 0
E[1236] 579 739 0 0
E[1237] 738 739 0 0
E[1238] 870 871 0 0
E[1239] 870 872 0 0
E[1240] 871 873 0 0
E[1241] 872 874 0 0
E[1242] 873 875 0 0
E[1243] 874 875 0 0
E[1244] 494 870 0 0
E[1245] 736 871 0 0
E[1246] 739 873 0 0
E[1247] 269 872 0 0
E[1248] 269 270 0 0
E[1249] 501 874 0 0
E[1250] 581 875 0 0
E[1251] 878 879 0 0
E[1252] 878 883 0 0
E[1253] 879 880 0 0
E[1254] 880 881 0 0
E[1255] 881 882 0 0
E[1256] 882 884 0 0
E[1257] 883 884 0 0
E[1258] 769 879 0 0
E[1259] 770 878 0 1
E[1260] 624 883 0 0
E[1261] 764 880 0 0
E[1262] 602 881 0 0
E[1263] 758 882 0 0
E[1264] 759 884 0 0
E[1265] 886 887 0 0
E[1266] 886 890 0 0
E[1267] 887 888 0 0
E[1268] 888 889 0 0
E[1269] 889 891 0 0
E[1270] 890 891 0 0
E[1271] 794 887 0 0
E[1272] 795 886 0 0
E[1273] 456 890 0 0
E[1274] 789 888 0 0
E[1275] 452 889 0 0
E[1276] 772 774 0 0
E[1277] 774 891 0 0
E[1278] 454 773 0 0
E[1279] 773 774 0 0
E[1280] 892 895 0 0
E[1281] 892 893 0 0
E[1282] 896 893 0 0
E[1283] 204 895 0 0
E[1284] 894 896 0 0
E[1285] 896 897 0 0
E[1286] 77 892 0 0
E[1287] 209 895 0 0
E[1288] 797 893 0 0
E[1289] 798 897 0 0
E[1290] 204 894 0 0
E[1291] 897 269 0 0
E[1292] 898 899 0 0
E[1293] 898 900 0 0
E[1294] 899 901 0 0
E[1295] 900 901 0 0
E[1296] 805 899 0 0
E[1297] 805 808 0 0
E[1298] 807 901 0 0
E[1299] 805 809 0 0
E[1300] 992 815 0 0
E[1301] 671 900 0 0
E[1302] 808 902 0 0
E[1303] 898 904 0 0
E[1304] 902 904 0 0
E[1305] 674 905 0 0
E[1306] 817 909 0 0
E[1307] 905 909 0 0
E[1308] 514 818 0 0
E[1309] 514 810 0 0
E[1310] 676 819 0 0
E[1311] 676 906 0 0
E[1312] 810 907 0 0
E[1313] 818 819 0 0
E[1314] 906 907 0 0
E[1315] 910 911 0 0
E[1316] 910 912 0 0
E[1317] 911 913 0 0
E[1318] 912 913 0 0
E[1319] 816 910 0 0
E[1320] 908 909 0 0
E[1321] 908 911 0 0
E[1322] 678 912 0 0
E[1323] 676 913 0 0
E[1324] 906 908 0 0
E[1325] 914 917 0 0
E[1326] 914 916 0 0
E[1327] 915 916 0 0
E[1328] 915 918 0 0
E[1329] 918 917 0 0
E[1330] 918 919 0 0
E[1331] 818 821 0 0
E[1332] 819 914 0 0
E[1333] 820 821 0 0
E[1334] 820 917 0 0
E[1335] 728 916 0 0
E[1336] 726 915 0 0
E[1337] 919 67 0 0
E[1338] 150 286 0 0
E[1339] 286 919 0 0
E[1340] 514 921 0 0
E[1341] 821 920 0 0
E[1342] 920 922 0 0
E[1343] 921 922 0 0
E[1344] 808 923 0 0
E[1345] 810 903 0 0
E[1346] 902 903 0 0
E[1347] 921 923 0 0
E[1348] 666 680 0 0
E[1349] 680 924 0 0
E[1350] 923 924 0 0
E[1351] 925 928 0 0
E[1352] 925 926 0 0
E[1353] 926 927 0 0
E[1354] 927 929 0 0
E[1355] 928 929 0 0
E[1356] 681 928 0 0
E[1357] 823 824 0 0
E[1358] 824 925 0 0
E[1359] 680 822 0 0
E[1360] 822 929 0 0
E[1361] 930 931 0 0
E[1362] 930 932 0 0
E[1363] 934 837 0 0
E[1364] 932 935 0 0
E[1365] 933 934 0 0
E[1366] 934 935 0 0
E[1367] 832 930 0 0
E[1368] 837 931 0 0
E[1369] 301 932 0 0
E[1370] 690 933 0 0
E[1371] 551 935 0 0
E[1372] 933 845 0 0
E[1373] 565 936 0 0
E[1374] 712 937 0 0
E[1375] 936 937 0 0
E[1376] 563 938 0 0
E[1377] 936 938 0 0
E[1378] 350 848 0 0
E[1379] 848 939 0 0
E[1380] 938 939 0 0
E[1381] 940 941 0 0
E[1382] 940 942 0 0
E[1383] 941 943 0 0
E[1384] 942 943 0 0
E[1385] 709 710 0 0
E[1386] 709 940 0 0
E[1387] 710 847 0 0
E[1388] 847 850 0 0
E[1389] 945 941 0 0
E[1390] 709 713 0 0
E[1391] 715 942 0 0
E[1392] 711 849 0 0
E[1393] 849 943 0 0
E[1394] 944 945 0 0
E[1395] 944 946 0 0
E[1396] 850 947 0 0
E[1397] 946 947 0 0
E[1398] 849 944 0 0
E[1399] 850 945 0 0
E[1400] 937 946 0 0
E[1401] 939 947 0 0
E[1402] 948 949 0 0
E[1403] 948 950 0 0
E[1404] 949 952 0 0
E[1405] 950 951 0 0
E[1406] 951 953 0 0
E[1407] 960 953 0 0
E[1408] 851 948 0 0
E[1409] 852 949 0 0
E[1410] 714 950 0 0
E[1411] 710 951 0 0
E[1412] 954 955 0 0
E[1413] 954 957 0 0
E[1414] 955 956 0 0
E[1415] 956 958 0 0
E[1416] 957 958 0 0
E[1417] 346 957 0 0
E[1418] 864 954 0 0
E[1419] 847 956 0 0
E[1420] 953 955 0 0
E[1421] 848 958 0 0
E[1422] 959 961 0 0
E[1423] 952 959 0 0
E[1424] 863 960 0 0
E[1425] 724 959 0 0
E[1426] 863 961 0 0
E[1427] 952 960 0 0
E[1428] 962 963 0 0
E[1429] 740 876 0 0
E[1430] 876 962 0 0
E[1431] 589 877 0 0
E[1432] 877 963 0 0
E[1433] 964 965 0 0
E[1434] 964 966 0 0
E[1435] 965 968 0 0
E[1436] 966 967 0 0
E[1437] 967 968 0 0
E[1438] 741 964 0 0
E[1439] 876 965 0 0
E[1440] 293 966 0 0
E[1441] 877 968 0 0
E[1442] 292 967 0 0
E[1443] 591 971 0 0
E[1444] 744 969 0 0
E[1445] 969 971 0 0
E[1446] 496 970 0 0
E[1447] 970 971 0 0
E[1448] 743 972 0 0
E[1449] 969 973 0 0
E[1450] 972 973 0 0
E[1451] 974 975 0 0
E[1452] 782 974 1 0
E[1453] 773 885 0 0
E[1454] 885 975 1 0
E[1455] 905 976 0 0
E[1456] 907 977 0 0
E[1457] 976 977 0 0
E[1458] 978 979 0 0
E[1459] 978 981 0 0
E[1460] 979 980 0 0
E[1461] 980 982 0 0
E[1462] 981 984 0 0
E[1463] 982 983 0 0
E[1464] 983 984 0 0
E[1465] 824 981 0 0
E[1466] 926 978 0 0
E[1467] 820 980 0 0
E[1468] 920 979 0 0
E[1469] 286 982 0 0
E[1470] 825 984 0 0
E[1471] 149 983 0 0
E[1472] 985 987 0 0
E[1473] 985 986 0 0
E[1474] 986 988 0 0
E[1475] 987 988 0 0
E[1476] 822 985 0 0
E[1477] 927 987 0 0
E[1478] 924 986 0 0
E[1479] 922 988 0 0
E[1480] 903 990 0 0
E[1481] 904 989 0 0
E[1482] 989 990 0 0
E[1483] 977 991 0 0
E[1484] 990 991 0 0
E[1485] 671 992 0 0
E[1486] 989 993 0 0
E[1487] 671 993 0 0
E[1488] 994 995 0 0
E[1489] 994 996 0 0
E[1490] 995 999 0 0
E[1491] 996 997 0 0
E[1492] 234 998 0 0
E[1493] 998 999 0 0
E[1494] 991 994 0 0
E[1495] 993 995 0 0
E[1496] 976 996 0 0
E[1497] 992 999 0 0
E[1498] 234 997 0 0
E[1499] 673 998 0 0

C[0] 5 : 97 482 484 102 101  : 0 0 0 0 0  : 0 0 0 0 0  : i 
C[1] 5 : 757 758 882 884 759  : 0 0 0 0 0  : 0 0 0 0 0  : i 
C[2] 6 : 493 495 496 659 658 494  : 0 0 0 0 0 0  : 0 0 0 0 0 0  : i 
C[3] 4 : 686 687 689 688  : 0 0 0 0  : 0 0 0 0  : i 
C[4] 5 : 482 257 483 485 484  : 0 0 0 0 0  : 0 0 0 0 0  : i 
C[5] 4 : 214 390 388 215  : 0 0 0 0  : 0 0 0 0  : i 
C[6] 6 : 155 826 825 157 162 159  : 0 0 0 0 0 0  : 0 0 0 0 0 0  : i 
C[7] 6 : 51 52 85 158 161 146  : 0 0 0 0 0 0  : 0 -1 0 0 0 0  : v 
C[8] 5 : 0 1 49 2 61  : 0 0 0 0 0  : 0 0 0 0 0  : i 
C[9] 5 : 0 61 543 60 64  : 0 0 0 0 0  : 0 0 0 0 0  : i 
C[10] 6 : 35 38 40 39 37 36  : 0 0 0 0 0 0  : 0 0 0 0 0 0  : v 
C[11] 6 : 47 2 49 50 12 48  : 0 0 0 0 0 0  : 0 0 0 0 0 0  : i 
C[12] 7 : 32 85 52 39 40 34 33  : 0 0 0 0 0 0 0  : 0 0 -1 -1 -1 -1 -1  : v 
C[13] 7 : 0 64 63 3 44 4 1  : 0 0 0 0 0 0 0  : 0 0 0 0 0 0 0  : i 
C[14] 6 : 6 25 24 74 73 7  : 0 0 0 0 0 0  : 0 0 0 0 0 0  : i 
C[15] 6 : 69 78 79 81 82 71  : 0 0 0 0 0 0  : 0 0 0 0 0 0  : i 
C[16] 6 : 174 475 474 473 83 175  : 0 0 0 0 0 0  : 0 0 0 0 0 0  : v 
C[17] 6 : 109 261 263 307 308 110  : 0 0 0 0 0 0  : 0 0 0 0 0 0  : i 
C[18] 5 : 436 495 493 451 450  : 0 0 0 0 -1  : 0 0 0 0 0  : i 
C[19] 5 : 142 230 245 683 143  : 0 0 0 0 0  : 0 0 0 0 0  : i 
C[20] 6 : 411 587 588 589 877 963  : 0 0 0 0 0 0  : 0 0 0 0 0 0  : i 
C[21] 4 : 827 829 830 828  : 0 0 0 0  : 0 0 0 0  : v 
C[22] 4 : 515 682 828 830  : 0 0 0 0  : 0 0 0 0  : v 
C[23] 7 : 11 48 12 13 366 367 196  : 0 0 0 0 0 0 0  : 0 0 0 0 0 0 0  : i 
C[24] 6 : 149 156 157 825 984 983  : 0 0 0 0 0 0  : 0 0 0 0 0 0  : i 
C[25] 6 : 823 824 981 984 825 826  : 0 0 0 0 0 0  : 0 0 0 0 0 0  : i 
C[26] 6 : 154 829 827 823 826 155  : 0 0 0 0 0 0  : 0 0 0 0 0 0  : v 
C[27] 5 : 665 668 669 667 666  : 0 0 0 0 0  : 0 0 0 0 0  : v 
C[28] 6 : 210 624 883 878 770 211  : 0 0 0 0 0 0  : 0 1 1 1 0 0  : v 
C[29] 6 : 175 83 211 770 733 734  : 0 0 0 0 0 0  : 0 0 0 0 0 0  : v 
C[30] 6 : 603 769 879 880 764 763  : 0 0 0 0 0 0  : 0 0 0 0 0 0  : v 
C[31] 6 : 602 761 765 764 880 881  : 0 0 0 0 0 0  : 0 0 0 0 0 0  : v 
C[32] 7 : 878 883 884 882 881 880 879  : 0 0 0 0 0 0 0  : 0 0 0 0 0 0 0  : v 
C[33] 5 : 733 770 878 879 769  : 0 0 0 0 0  : 0 0 1 1 1  : v 
C[34] 6 : 763 764 765 768 767 766  : 0 0 0 0 0 0  : 0 0 0 0 0 0  : v 
C[35] 7 : 244 759 884 883 624 625 425  : 0 0 0 0 0 0 0  : 0 0 0 0 0 0 0  : v 
C[36] 5 : 53 686 688 171 172  : 0 0 0 0 0  : 0 0 0 0 0  : i 
C[37] 5 : 954 955 956 958 957  : 0 0 0 0 0  : 0 0 0 0 0  : i 
C[38] 4 : 346 864 954 957  : 0 0 0 0  : 0 0 0 0  : i 
C[39] 5 : 46 291 589 588 139  : 0 0 0 0 0  : 0 0 0 0 0  : i 
C[40] 4 : 313 534 530 314  : 0 0 0 0  : 0 0 0 0  : i 
C[41] 6 : 236 420 237 285 415 414  : 0 0 0 0 0 0  : 0 0 0 0 0 0  : v 
C[42] 6 : 526 523 621 622 524 525  : 0 0 0 0 0 0  : 0 0 0 0 0 0  : v 
C[43] 7 : 53 213 54 621 523 687 686  : 0 0 0 0 0 0 0  : 0 0 0 0 0 0 0  : v 
C[44] 7 : 413 617 619 831 525 524 522  : 0 0 0 0 0 0 0  : 0 0 -1 -1 -1 -1 -1  : v 
C[45] 7 : 10 193 192 163 685 132 43  : 0 0 0 0 0 0 0  : 0 0 0 0 0 1 1  : v 
C[46] 7 : 43 132 133 618 668 665 287  : 0 0 0 0 0 0 0  : 0 0 0 0 0 0 0  : v 
C[47] 5 : 315 469 468 535 536  : 0 0 0 0 0  : 0 0 0 0 0  : i 
C[48] 5 : 132 685 832 834 133  : 0 0 0 0 0  : 0 -1 -1 -1 0  : v 
C[49] 6 : 133 834 833 831 619 618  : 0 0 0 0 0 0  : 0 -1 -1 -1 -1 0  : v 
C[50] 4 : 89 91 92 90  : 0 0 0 0  : 0 0 0 0  : i 
C[51] 9 : 147 152 153 149 983 982 286 150 148  : 0 0 0 0 0 0 0 0 0  : 0 0 0 0 0 0 0 0 0  : i 
C[52] 5 : 12 50 147 148 13  : 0 0 0 0 0  : 0 0 0 0 0  : i 
C[53] 7 : 1 4 151 152 147 50 49  : 0 0 0 0 0 0 0  : 0 0 0 0 0 0 0  : i 
C[54] 5 : 144 392 178 179 180  : 0 0 0 0 0  : 0 0 -1 -1 -1  : v 
C[55] 6 : 37 39 52 51 180 179  : 0 0 0 0 0 0  : 0 0 0 1 0 0  : v 
C[56] 7 : 8 9 36 37 179 178 57  : 0 0 0 0 0 0 0  : 0 0 0 0 0 0 0  : v 
C[57] 5 : 51 146 145 144 180  : 0 0 0 0 0  : 0 0 0 0 -1  : v 
C[58] 5 : 156 518 517 162 157  : 0 0 0 0 0  : 0 0 0 0 0  : i 
C[59] 7 : 97 101 104 103 99 100 98  : 0 0 0 0 1 1 0  : 0 0 0 0 0 0 0  : i 
C[60] 7 : 15 16 17 18 104 101 102  : 0 0 0 0 0 0 0  : 0 0 0 0 0 0 0  : i 
C[61] 6 : 18 27 116 26 103 104  : 0 0 1 1 0 0  : 0 0 0 0 0 0  : i 
C[62] 6 : 19 107 108 106 22 21  : 0 0 0 0 0 0  : 0 0 0 0 0 0  : i 
C[63] 6 : 30 386 105 106 108 118  : 0 -1 -1 -1 -1 0  : 0 0 0 0 0 0  : v 
C[64] 4 : 558 705 704 559  : 0 0 0 0  : 0 0 0 0  : i 
C[65] 7 : 326 187 186 706 705 558 339  : 0 0 0 0 0 0 0  : 0 0 0 0 0 0 0  : i 
C[66] 7 : 338 340 339 558 559 348 347  : 0 0 0 0 0 0 0  : 0 0 0 0 0 0 0  : i 
C[67] 6 : 10 43 287 681 682 515  : 0 0 0 0 0 0  : 0 1 1 1 1 1  : v 
C[68] 5 : 151 299 298 153 152  : 0 0 0 0 0  : 0 0 0 0 0  : i 
C[69] 5 : 298 299 300 516 519  : 0 0 0 0 0  : 0 0 0 0 0  : i 
C[70] 6 : 149 153 298 519 518 156  : 0 0 0 0 0 0  : 0 0 0 0 0 0  : i 
C[71] 5 : 111 114 115 113 112  : 0 0 0 0 0  : 0 0 0 0 0  : i 
C[72] 6 : 26 116 866 867 868 869  : 0 0 0 0 0 0  : 0 0 0 0 0 0  : i 
C[73] 4 : 26 869 99 103  : 0 0 0 -1  : 0 0 0 0  : i 
C[74] 5 : 578 737 738 867 866  : 0 0 0 0 0  : 0 0 0 0 0  : i 
C[75] 6 : 123 130 131 281 282 127  : 0 0 0 0 0 0  : 0 0 0 0 0 0  : i 
C[76] 5 : 117 499 511 276 273  : 0 0 0 0 0  : 0 0 0 0 0  : i 
C[77] 7 : 269 270 271 275 501 874 872  : 0 0 0 0 0 0 0  : 0 0 0 0 0 0 0  : i 
C[78] 6 : 579 739 873 875 581 580  : 0 0 0 0 0 0  : 0 0 0 0 0 0  : i 
C[79] 5 : 581 875 874 501 500  : 0 0 0 0 0  : 0 0 0 0 0  : i 
C[80] 5 : 117 580 581 500 499  : 0 0 0 0 0  : 0 0 0 0 0  : i 
C[81] 7 : 28 84 868 867 738 739 579  : 0 0 0 0 0 0 0  : 0 0 0 0 0 0 0  : i 
C[82] 4 : 78 189 188 79  : 0 0 0 0  : 0 0 0 0  : i 
C[83] 6 : 192 193 194 513 512 357  : 0 0 0 0 0 0  : 0 0 0 0 0 0  : v 
C[84] 6 : 80 325 333 332 329 125  : 0 0 0 0 0 0  : 0 0 0 0 0 0  : i 
C[85] 9 : 79 188 186 187 325 80 380 379 81  : 0 0 0 0 0 0 0 0 0  : 0 0 0 0 0 0 0 0 0  : i 
C[86] 6 : 163 192 357 361 323 301  : 0 0 0 0 0 0  : 0 0 0 0 0 0  : v 
C[87] 5 : 512 513 804 800 662  : 0 0 0 0 0  : 0 0 0 0 0  : v 
C[88] 8 : 799 800 804 120 31 803 802 801  : 0 0 0 0 0 0 0 0  : 0 0 0 0 0 0 0 0  : v 
C[89] 7 : 8 30 118 842 840 389 9  : 0 0 0 0 0 0 0  : 0 0 0 0 0 0 0  : i 
C[90] 8 : 46 139 138 391 392 144 145 136  : 0 0 0 0 0 0 0 0  : 0 0 0 0 0 0 0 0  : v 
C[91] 6 : 57 178 392 391 584 177  : 0 0 0 0 0 0  : 0 0 1 1 1 0  : v 
C[92] 6 : 35 42 128 129 121 38  : 0 0 0 0 0 0  : 0 0 0 0 0 0  : i 
C[93] 5 : 195 371 610 611 363  : 0 0 0 0 0  : 0 0 0 0 0  : i 
C[94] 6 : 234 998 673 596 785 784  : 0 0 0 0 0 0  : 0 0 0 0 0 0  : i 
C[95] 7 : 994 995 999 998 234 997 996  : 0 0 0 0 0 0 0  : 0 0 0 0 0 0 0  : i 
C[96] 5 : 613 675 674 616 615  : 0 0 0 0 0  : 0 0 0 0 0  : i 
C[97] 5 : 674 675 817 909 905  : 0 0 0 0 0  : 0 0 0 0 0  : i 
C[98] 6 : 371 372 571 606 612 610  : 0 0 0 0 0 0  : 0 0 0 0 0 0  : i 
C[99] 4 : 910 912 913 911  : 0 0 0 0  : 0 0 0 0  : i 
C[100] 5 : 676 906 908 911 913  : 0 0 0 0 0  : 0 0 0 0 0  : i 
C[101] 6 : 816 910 911 908 909 817  : 0 0 0 0 0 0  : 0 0 0 0 0 0  : i 
C[102] 4 : 119 31 120 583  : 0 0 0 0  : 0 -1 -1 0  : v 
C[103] 5 : 803 31 119 32 33  : 0 0 0 0 0  : 0 0 1 1 0  : v 
C[104] 5 : 34 40 38 121 122  : 0 0 0 0 0  : 0 0 0 0 0  : v 
C[105] 5 : 44 3 134 135 45  : 0 0 0 0 0  : 0 0 0 0 0  : i 
C[106] 9 : 32 119 583 582 154 155 159 158 85  : 0 0 0 0 0 0 0 0 0  : 0 0 0 0 0 0 0 0 0  : v 
C[107] 7 : 158 159 162 517 520 160 161  : 0 0 0 0 0 0 0  : 0 0 0 0 0 0 0  : v 
C[108] 7 : 905 909 908 906 907 977 976  : 0 0 0 0 0 0 0  : 0 0 0 0 0 0 0  : i 
C[109] 5 : 976 977 991 994 996  : 0 0 0 0 0  : 0 0 0 0 0  : i 
C[110] 6 : 421 813 422 424 241 423  : 0 0 0 0 0 0  : 0 0 0 0 0 0  : i 
C[111] 4 : 58 182 181 59  : 0 0 0 0  : 0 0 0 0  : i 
C[112] 5 : 65 66 342 185 184  : 0 0 0 0 0  : 0 0 0 0 0  : i 
C[113] 8 : 10 515 830 829 154 582 194 193  : 0 0 0 0 0 0 0 0  : 0 1 1 1 1 1 0 0  : v 
C[114] 5 : 70 71 82 207 208  : 0 0 0 0 0  : 0 0 0 0 0  : i 
C[115] 5 : 70 208 209 199 198  : 0 0 0 0 0  : 0 0 0 0 0  : i 
C[116] 4 : 176 316 478 481  : 0 0 0 0  : 0 0 0 0  : i 
C[117] 6 : 167 470 469 315 316 176  : 0 0 0 0 0 0  : 0 0 0 0 0 0  : i 
C[118] 6 : 315 536 540 477 478 316  : 0 0 0 0 0 0  : 0 0 0 0 0 0  : i 
C[119] 6 : 256 471 474 475 479 476  : 0 0 0 0 0 0  : 0 0 0 0 0 0  : i 
C[120] 4 : 471 472 473 474  : 0 0 0 0  : 0 0 0 0  : v 
C[121] 6 : 476 479 480 481 478 477  : 0 0 0 0 0 0  : 0 0 0 0 0 0  : i 
C[122] 8 : 96 256 476 477 540 539 483 257  : 0 0 0 0 0 0 0 0  : 0 0 0 0 0 0 0 0  : i 
C[123] 6 : 21 22 472 471 256 96  : 0 0 0 0 0 0  : 0 0 0 0 0 0  : i 
C[124] 6 : 55 56 480 479 475 174  : 0 0 0 0 0 0  : 0 0 0 0 0 0  : v 
C[125] 6 : 647 648 652 651 650 649  : 0 0 0 0 0 0  : 0 0 0 0 0 0  : i 
C[126] 8 : 109 110 490 489 464 465 648 647  : 0 0 0 0 0 0 0 0  : 0 0 0 0 0 0 0 0  : i 
C[127] 5 : 109 647 649 491 261  : 0 0 0 0 0  : 0 0 0 0 0  : i 
C[128] 4 : 491 649 650 492  : 0 0 0 0  : 0 0 0 0  : i 
C[129] 5 : 260 365 364 487 488  : 0 0 0 0 0  : 0 0 0 0 0  : i 
C[130] 6 : 195 363 365 260 310 309  : 0 0 0 0 0 0  : 0 0 0 0 0 0  : i 
C[131] 6 : 110 308 310 260 488 490  : 0 0 0 0 0 0  : 0 0 0 0 0 0  : i 
C[132] 5 : 462 640 652 648 465  : 0 0 0 0 0  : 0 0 0 0 0  : i 
C[133] 4 : 634 636 637 635  : 0 -1 -1 0  : 0 0 0 0  : i 
C[134] 6 : 53 172 56 55 212 213  : 0 0 0 0 0 0  : 0 0 0 0 0 0  : v 
C[135] 6 : 138 139 588 587 142 143  : 0 0 0 0 0 0  : 0 0 0 0 0 0  : i 
C[136] 5 : 244 425 684 683 245  : 0 0 1 1 1  : 0 0 0 0 0  : v 
C[137] 7 : 138 143 683 684 585 584 391  : 0 0 0 0 0 0 0  : 0 0 0 0 0 0 0  : v 
C[138] 5 : 406 597 599 412 410  : 0 0 0 0 0  : 0 0 0 0 0  : i 
C[139] 6 : 230 598 757 759 244 245  : 0 -1 -1 -1 -1 0  : 0 0 0 0 0 0  : i 
C[140] 7 : 142 587 411 412 599 598 230  : 0 0 0 -1 -1 -1 0  : 0 0 0 0 0 0 0  : i 
C[141] 7 : 404 601 602 881 882 758 600  : 0 0 0 0 0 0 0  : 0 0 0 0 0 0 0  : i 
C[142] 5 : 242 243 603 763 766  : 0 0 0 0 0  : 0 -1 0 0 0  : v 
C[143] 8 : 681 928 925 824 823 827 828 682  : 0 0 0 0 0 0 0 0  : 0 0 0 0 0 0 0 0  : i 
C[144] 5 : 824 925 926 978 981  : 0 0 0 0 0  : 0 0 0 0 0  : i 
C[145] 5 : 67 68 150 286 919  : 0 0 0 0 0  : 0 0 0 0 0  : i 
C[146] 6 : 13 148 150 68 368 366  : 0 0 0 0 0 0  : 0 0 0 0 0 0  : i 
C[147] 7 : 46 136 288 290 140 292 291  : 0 0 0 0 0 0 0  : 0 0 0 0 0 0 0  : i 
C[148] 6 : 86 219 220 226 222 87  : 0 0 0 0 0 0  : 0 0 0 0 0 0  : i 
C[149] 6 : 597 600 758 757 598 599  : 0 0 0 0 0 0  : 0 0 0 0 0 0  : i 
C[150] 6 : 212 735 243 242 54 213  : 0 0 0 0 0 0  : 0 0 0 1 0 0  : v 
C[151] 6 : 243 735 734 733 769 603  : 0 0 0 0 0 0  : 0 0 0 0 1 1  : v 
C[152] 6 : 55 174 175 734 735 212  : 0 0 0 0 0 0  : 0 0 0 0 0 0  : v 
C[153] 5 : 313 314 168 173 169  : 0 0 0 0 0  : 0 0 0 0 0  : i 
C[154] 5 : 959 952 960 863 961  : 0 0 0 0 0  : 0 0 0 0 0  : i 
C[155] 6 : 376 723 720 724 959 961  : 0 0 0 0 0 0  : 0 0 0 0 0 0  : i 
C[156] 7 : 863 960 953 955 954 864 865  : 0 0 0 0 0 0 0  : 0 0 0 0 0 0 0  : i 
C[157] 6 : 356 370 369 857 856 855  : 0 0 0 0 0 0  : 0 0 0 0 0 0  : i 
C[158] 6 : 743 745 744 969 973 972  : 0 0 0 0 0 0  : 0 0 0 0 0 0  : i 
C[159] 6 : 28 41 29 214 215 84  : 0 0 0 0 0 0  : 0 0 0 0 0 0  : i 
C[160] 5 : 719 724 720 722 721  : 0 0 0 0 0  : 0 0 0 0 0  : i 
C[161] 6 : 796 797 893 896 897 798  : 0 0 0 0 0 0  : 0 0 0 0 0 0  : i 
C[162] 6 : 76 77 892 893 797 497  : 0 0 0 0 0 0  : 0 0 0 0 0 0  : i 
C[163] 5 : 658 659 660 796 798  : 0 0 0 0 0  : 0 0 0 0 0  : i 
C[164] 6 : 77 201 199 209 895 892  : 0 0 0 0 0 0  : 0 0 0 0 0 0  : i 
C[165] 6 : 523 526 838 835 689 687  : 0 0 0 0 0 0  : 0 0 0 0 0 0  : v 
C[166] 6 : 190 700 701 557 353 352  : 0 0 0 0 0 0  : 0 0 0 0 0 0  : i 
C[167] 6 : 351 352 353 354 562 560  : 0 0 0 0 0 0  : 0 0 0 0 0 0  : i 
C[168] 5 : 570 572 605 606 571  : 0 0 0 0 0  : 0 0 0 0 0  : i 
C[169] 6 : 184 185 345 334 340 338  : 0 0 0 0 0 0  : 0 0 0 0 0 0  : i 
C[170] 6 : 553 555 556 557 701 698  : 0 0 0 0 0 0  : 0 0 0 0 0 0  : i 
C[171] 6 : 235 418 420 236 416 417  : 0 0 0 0 0 0  : 0 0 0 0 0 0  : v 
C[172] 4 : 898 899 901 900  : 0 0 0 0  : 0 0 0 0  : i 
C[173] 6 : 221 402 594 596 673 672  : 0 0 0 0 0 0  : 0 0 0 0 0 0  : i 
C[174] 5 : 594 595 786 785 596  : 0 0 0 0 0  : 0 0 0 0 0  : i 
C[175] 5 : 671 992 999 995 993  : 0 0 0 0 0  : 0 0 0 0 0  : i 
C[176] 7 : 815 814 672 673 998 999 992  : 0 0 0 0 0 0 0  : 0 0 0 0 0 0 0  : i 
C[177] 5 : 760 762 768 765 761  : 0 0 0 0 0  : 0 0 0 0 0  : i 
C[178] 4 : 601 760 761 602  : 0 0 0 0  : 0 0 0 0  : i 
C[179] 5 : 236 414 413 522 416  : 0 0 0 0 0  : 0 0 0 -1 0  : v 
C[180] 5 : 416 522 524 622 417  : 0 0 0 0 0  : 0 -1 -1 -1 0  : v 
C[181] 8 : 54 242 766 767 235 417 622 621  : 0 0 0 0 0 0 0 0  : 0 1 1 1 1 1 0 0  : v 
C[182] 5 : 452 772 774 891 889  : 0 0 0 0 0  : 0 0 0 0 0  : i 
C[183] 6 : 454 456 890 891 774 773  : 0 0 0 0 0 0  : 0 0 0 0 0 0  : i 
C[184] 5 : 186 188 189 707 706  : 0 0 0 0 0  : 0 0 0 0 0  : i 
C[185] 6 : 573 854 852 719 721 574  : 0 0 0 0 0 0  : 0 0 0 0 0 0  : i 
C[186] 5 : 65 184 338 347 349  : 0 0 0 0 0  : 0 0 0 0 0  : i 
C[187] 6 : 456 457 632 795 886 890  : 0 0 0 0 0 0  : 0 0 0 0 0 0  : i 
C[188] 8 : 632 633 637 636 643 644 793 795  : 0 0 0 0 0 0 0 0  : 0 0 0 0 0 0 0 0  : i 
C[189] 6 : 466 468 469 470 529 467  : 0 0 0 0 0 0  : 0 0 0 0 0 0  : i 
C[190] 7 : 350 848 939 938 563 562 354  : 0 0 0 0 0 0 0  : 0 0 0 0 0 0 0  : i 
C[191] 4 : 560 562 563 561  : 0 0 0 0  : 0 0 0 0  : i 
C[192] 4 : 843 844 846 845  : 0 0 0 0  : 0 0 0 0  : i 
C[193] 5 : 944 946 947 850 945  : 0 0 0 0 0  : 0 0 0 0 0  : i 
C[194] 5 : 561 563 938 936 565  : 0 0 0 0 0  : 0 0 0 0 0  : i 
C[195] 6 : 936 938 939 947 946 937  : 0 0 0 0 0 0  : 0 0 0 0 0 0  : i 
C[196] 7 : 311 351 560 561 565 566 312  : 0 0 0 0 0 0 0  : 0 0 0 0 0 0 0  : i 
C[197] 6 : 835 838 839 931 837 836  : 0 0 0 0 0 0  : 0 0 0 0 0 0  : i 
C[198] 6 : 832 930 931 839 833 834  : 0 0 0 0 0 0  : 0 0 0 0 0 0  : v 
C[199] 5 : 690 836 837 934 933  : 0 0 0 0 0  : 0 0 0 0 0  : i 
C[200] 9 : 168 170 171 688 689 835 836 690 173  : 0 0 0 0 0 0 0 0 0  : 0 0 0 0 0 0 0 0 0  : i 
C[201] 6 : 525 831 833 839 838 526  : 0 0 0 0 0 0  : 0 0 0 0 0 0  : v 
C[202] 6 : 163 301 932 930 832 685  : 0 0 0 0 0 0  : 0 0 0 0 0 0  : v 
C[203] 5 : 190 191 846 844 700  : 0 0 0 0 0  : 0 0 0 0 0  : i 
C[204] 7 : 87 222 224 91 89 216 217  : 0 0 0 0 0 0 0  : 0 0 0 0 0 0 0  : i 
C[205] 7 : 88 92 91 224 223 227 228  : 0 0 0 0 0 0 0  : 0 0 0 0 0 0 0  : i 
C[206] 5 : 288 289 297 296 290  : 0 0 0 0 0  : 0 0 0 0 0  : i 
C[207] 7 : 222 226 225 239 238 223 224  : 0 0 0 0 0 0 0  : 0 0 0 0 0 0 0  : i 
C[208] 4 : 223 238 240 227  : 0 0 0 0  : 0 0 0 0  : i 
C[209] 6 : 227 240 423 241 229 228  : 0 0 0 0 0 0  : 0 0 0 0 0 0  : i 
C[210] 5 : 388 390 389 840 841  : 0 0 0 0 0  : 0 0 0 0 0  : i 
C[211] 6 : 69 71 70 198 378 377  : 0 0 0 0 0 0  : 0 0 0 0 0 0  : i 
C[212] 6 : 377 378 577 722 720 723  : 0 0 0 0 0 0  : 0 0 0 0 0 0  : i 
C[213] 6 : 736 871 873 739 738 737  : 0 0 0 0 0 0  : 0 0 0 0 0 0  : i 
C[214] 6 : 870 872 874 875 873 871  : 0 0 0 0 0 0  : 0 0 0 0 0 0  : i 
C[215] 5 : 266 271 270 268 267  : 0 0 0 0 0  : 0 0 0 0 0  : i 
C[216] 6 : 719 852 949 952 959 724  : 0 0 0 0 0 0  : 0 0 0 0 0 0  : i 
C[217] 5 : 925 928 929 927 926  : 0 0 0 0 0  : 0 0 0 0 0  : i 
C[218] 7 : 978 979 980 982 983 984 981  : 0 0 0 0 0 0 0  : 0 0 0 0 0 0 0  : i 
C[219] 5 : 137 160 520 521 294  : 0 0 0 0 0  : 0 0 0 0 0  : i 
C[220] 8 : 136 145 146 161 160 137 289 288  : 0 0 0 0 0 0 0 0  : 0 0 0 0 0 0 0 0  : v 
C[221] 4 : 137 294 297 289  : 0 0 0 0  : 0 0 0 0  : i 
C[222] 7 : 294 521 516 300 295 296 297  : 0 0 0 0 0 0 0  : 0 0 0 0 0 0 0  : i 
C[223] 6 : 516 521 520 517 518 519  : 0 0 0 0 0 0  : 0 0 0 0 0 0  : i 
C[224] 5 : 259 697 841 840 842  : 0 0 0 0 0  : 0 0 0 0 0  : i 
C[225] 5 : 107 259 842 118 108  : 0 1 1 1 0  : 0 0 0 0 0  : i 
C[226] 6 : 19 98 100 697 259 107  : 0 0 1 1 1 0  : 0 0 0 0 0 0  : i 
C[227] 9 : 84 215 388 841 697 100 99 869 868  : 0 0 0 0 0 0 0 0 0  : 0 0 0 0 0 0 0 0 0  : i 
C[228] 6 : 334 345 344 336 337 335  : 0 0 0 0 0 0  : 0 0 0 0 0 0  : i 
C[229] 6 : 339 340 334 335 324 326  : 0 0 0 0 0 0  : 0 0 0 0 0 0  : i 
C[230] 8 : 65 349 350 354 353 557 556 66  : 0 0 0 0 0 0 0 0  : 0 0 0 0 0 0 0 0  : i 
C[231] 6 : 320 321 547 549 343 341  : 0 0 0 0 0 0  : 0 0 0 0 0 0  : i 
C[232] 6 : 341 343 344 345 185 342  : 0 0 0 0 0 0  : 0 0 0 0 0 0  : i 
C[233] 6 : 66 556 555 320 341 342  : 0 0 0 0 0 0  : 0 0 0 0 0 0  : i 
C[234] 5 : 320 555 553 322 321  : 0 0 0 0 0  : 0 0 0 0 0  : i 
C[235] 7 : 553 698 699 554 362 360 322  : 0 0 0 0 0 0 0  : 0 0 0 0 0 0 0  : i 
C[236] 6 : 592 750 754 756 752 751  : 0 0 0 0 0 0  : 0 0 0 0 0 0  : i 
C[237] 5 : 396 751 752 742 741  : 0 0 0 0 0  : 0 0 0 0 0  : i 
C[238] 6 : 134 395 397 293 141 135  : 0 0 0 0 0 0  : 0 0 0 0 0 0  : i 
C[239] 7 : 45 135 141 140 290 296 295  : 0 0 0 0 0 0 0  : 0 0 0 0 0 0 0  : i 
C[240] 7 : 44 45 295 300 299 151 4  : 0 0 0 0 0 0 0  : 0 0 0 0 0 0 0  : i 
C[241] 5 : 964 965 968 967 966  : 0 0 0 0 0  : 0 0 0 0 0  : i 
C[242] 6 : 140 141 293 966 967 292  : 0 0 0 0 0 0  : 0 0 0 0 0 0  : i 
C[243] 6 : 293 397 396 741 964 966  : 0 0 0 0 0 0  : 0 0 0 0 0 0  : i 
C[244] 6 : 291 292 967 968 877 589  : 0 0 0 0 0 0  : 0 0 0 0 0 0  : i 
C[245] 7 : 394 593 592 751 396 397 395  : 0 0 0 0 0 0 0  : 0 0 0 0 0 0 0  : i 
C[246] 6 : 63 62 394 395 134 3  : 0 0 0 0 0 0  : 0 0 0 0 0 0  : i 
C[247] 6 : 95 251 247 250 265 264  : 0 0 0 0 0 0  : 0 0 0 0 0 0  : i 
C[248] 5 : 272 273 276 509 503  : 0 0 0 0 0  : 0 0 0 0 0  : i 
C[249] 6 : 124 331 330 502 508 506  : 0 0 0 0 0 0  : 0 0 0 0 0 0  : i 
C[250] 6 : 502 504 505 503 509 508  : 0 0 0 0 0 0  : 0 0 0 0 0 0  : i 
C[251] 5 : 124 126 125 329 331  : 0 0 0 0 0  : 0 0 0 0 0  : i 
C[252] 6 : 703 704 705 706 707 708  : 0 0 0 0 0 0  : 0 0 0 0 0 0  : i 
C[253] 8 : 69 377 723 376 708 707 189 78  : 0 0 0 0 0 0 0 0  : 0 0 0 0 0 0 0 0  : i 
C[254] 6 : 376 961 863 865 703 708  : 0 0 0 0 0 0  : 0 0 0 0 0 0  : i 
C[255] 7 : 346 348 559 704 703 865 864  : 0 0 0 0 0 0 0  : 0 0 0 0 0 0 0  : i 
C[256] 6 : 81 379 382 206 207 82  : 0 0 0 0 0 0  : 0 0 0 0 0 0  : i 
C[257] 5 : 894 204 205 267 268  : 0 0 0 0 0  : 0 0 0 0 0  : i 
C[258] 6 : 205 206 382 383 266 267  : 0 0 0 0 0 0  : 0 0 0 0 0 0  : i 
C[259] 7 : 321 322 360 358 359 548 547  : 0 0 0 0 0 0 0  : 0 0 0 0 0 0 0  : i 
C[260] 6 : 661 662 800 799 664 663  : 0 0 0 0 0 0  : 0 0 0 0 0 0  : i 
C[261] 5 : 278 359 358 661 663  : 0 0 0 0 0  : 0 0 0 0 0  : i 
C[262] 8 : 357 512 662 661 358 360 362 361  : 0 0 0 0 0 0 0 0  : 0 0 0 0 0 0 0 0  : i 
C[263] 6 : 123 127 277 664 799 801  : 0 0 0 0 0 0  : 0 0 0 0 0 0  : i 
C[264] 6 : 80 125 126 202 381 380  : 0 0 0 0 0 0  : 0 0 0 0 0 0  : i 
C[265] 4 : 547 548 550 549  : 0 0 0 0  : 0 0 0 0  : i 
C[266] 5 : 278 279 550 548 359  : 0 0 0 0 0  : 0 0 0 0 0  : i 
C[267] 6 : 277 280 279 278 663 664  : 0 0 0 0 0 0  : 0 0 0 0 0 0  : i 
C[268] 7 : 131 504 502 330 328 283 281  : 0 0 0 0 0 0 0  : 0 0 0 0 0 0 0  : i 
C[269] 8 : 183 336 344 343 549 550 279 280  : 0 0 0 0 0 0 0 0  : 0 0 0 0 0 0 0 0  : i 
C[270] 4 : 281 283 284 282  : 0 0 0 0  : 0 0 0 0  : i 
C[271] 6 : 127 282 284 183 280 277  : 0 0 0 0 0 0  : 0 0 0 0 0 0  : i 
C[272] 8 : 9 389 390 214 29 42 35 36  : 0 0 0 0 0 0 0 0  : 0 0 0 0 0 0 0 0  : i 
C[273] 3 : 755 885 975  : 0 -1 0  : 0 0 0  : i 
C[274] 5 : 33 34 122 802 803  : 0 0 0 0 0  : 0 0 0 0 0  : v 
C[275] 5 : 551 552 554 699 702  : 0 0 0 0 0  : 0 0 0 0 0  : i 
C[276] 6 : 930 932 935 934 837 931  : 0 0 0 0 0 0  : 0 0 0 0 0 0  : i 
C[277] 8 : 165 169 173 690 933 845 846 191  : 0 0 0 0 0 0 0 0  : 0 0 0 0 0 0 0 0  : i 
C[278] 7 : 551 702 843 845 933 934 935  : 0 0 0 0 0 0 0  : 0 0 0 0 0 0 0  : i 
C[279] 6 : 301 323 552 551 935 932  : 0 0 0 0 0 0  : 0 0 0 0 0 0  : i 
C[280] 7 : 698 701 700 844 843 702 699  : 0 0 0 0 0 0 0  : 0 0 0 0 0 0 0  : i 
C[281] 5 : 323 361 362 554 552  : 0 0 0 0 0  : 0 0 0 0 0  : i 
C[282] 7 : 121 129 130 123 801 802 122  : 0 0 0 0 0 0 0  : 0 0 0 0 0 0 0  : i 
C[283] 6 : 128 505 504 131 130 129  : 0 0 0 0 0 0  : 0 0 0 0 0 0  : i 
C[284] 7 : 195 309 306 302 197 372 371  : 0 0 0 0 0 0 0  : 0 0 0 0 0 0 0  : i 
C[285] 6 : 88 403 405 231 90 92  : 0 0 0 0 0 0  : 0 0 0 0 0 0  : i 
C[286] 8 : 670 811 815 992 671 900 901 807  : 0 0 0 0 0 0 0 0  : 0 0 0 0 0 0 0 0  : i 
C[287] 7 : 285 806 809 667 669 620 415  : 0 0 0 0 0 0 0  : 0 0 0 0 0 0 0  : v 
C[288] 7 : 608 783 788 609 614 615 616  : 0 0 0 0 0 0 0  : 0 0 0 0 0 0 0  : i 
C[289] 5 : 997 234 784 783 608  : 0 0 0 0 0  : 0 0 0 0 0  : i 
C[290] 7 : 608 616 674 905 976 996 997  : 0 0 0 0 0 0 0  : 0 0 0 0 0 0 0  : i 
C[291] 6 : 610 612 613 615 614 611  : 0 0 0 0 0 0  : 0 0 0 0 0 0  : i 
C[292] 6 : 363 611 614 609 364 365  : 0 0 0 0 0 0  : 0 0 0 0 0 0  : i 
C[293] 6 : 811 813 421 812 814 815  : 0 0 0 0 0 0  : 0 0 0 0 0 0  : i 
C[294] 6 : 238 239 812 421 423 240  : 0 0 0 0 0 0  : 0 0 0 0 0 0  : i 
C[295] 5 : 232 233 607 605 572  : 0 0 0 0 0  : 0 0 0 0 0  : i 
C[296] 8 : 605 607 816 817 675 613 612 606  : 0 0 0 0 0 0 0 0  : 0 0 0 0 0 0 0 0  : i 
C[297] 7 : 233 679 678 912 910 816 607  : 0 0 0 0 0 0 0  : 0 0 0 0 0 0 0  : i 
C[298] 5 : 232 572 570 718 716  : 0 0 0 0 0  : 0 0 0 0 0  : i 
C[299] 7 : 232 716 717 857 369 679 233  : 0 0 0 0 0 0 0  : 0 0 0 0 0 0 0  : i 
C[300] 8 : 303 304 305 306 309 310 308 307  : 0 0 0 0 0 0 0 0  : 0 0 0 0 0 0 0 0  : i 
C[301] 6 : 72 164 304 303 73 74  : 0 0 0 0 0 0  : 0 0 0 0 0 0  : i 
C[302] 6 : 7 73 303 307 263 262  : 0 0 0 0 0 0  : 0 0 0 0 0 0  : i 
C[303] 7 : 29 41 272 503 505 128 42  : 0 0 0 0 0 0 0  : 0 0 0 0 0 0 0  : i 
C[304] 9 : 59 181 318 317 200 201 77 76 75  : 0 0 0 0 0 0 0 0 0  : 0 0 0 0 0 0 0 0 0  : i 
C[305] 6 : 327 328 330 331 329 332  : 0 0 0 0 0 0  : 0 0 0 0 0 0  : i 
C[306] 5 : 324 333 325 187 326  : 0 0 0 0 0  : 0 0 0 0 0  : i 
C[307] 6 : 324 335 337 327 332 333  : 0 0 0 0 0 0  : 0 0 0 0 0 0  : i 
C[308] 7 : 183 284 283 328 327 337 336  : 0 0 0 0 0 0 0  : 0 0 0 0 0 0 0  : i 
C[309] 5 : 200 317 319 374 373  : 0 0 0 0 0  : 0 0 0 0 0  : i 
C[310] 6 : 379 380 381 385 383 382  : 0 0 0 0 0 0  : 0 0 0 0 0 0  : i 
C[311] 5 : 202 203 384 385 381  : 0 0 0 0 0  : 0 0 0 0 0  : i 
C[312] 7 : 266 383 385 384 274 275 271  : 0 0 0 0 0 0 0  : 0 0 0 0 0 0 0  : i 
C[313] 8 : 56 172 171 170 167 176 481 480  : 0 0 0 0 0 0 0 0  : 0 0 0 0 0 0 0 0  : i 
C[314] 8 : 169 165 527 696 695 533 534 313  : 0 0 0 0 0 0 0 0  : 0 0 0 0 0 0 0 0  : i 
C[315] 6 : 24 25 111 112 166 694  : 0 0 0 0 0 0  : 0 0 0 0 0 0  : i 
C[316] 4 : 527 528 692 696  : 0 0 0 0  : 0 0 0 0  : i 
C[317] 6 : 112 113 531 533 695 166  : 0 0 0 0 0 0  : 0 0 0 0 0 0  : i 
C[318] 6 : 432 435 492 650 651 641  : 0 0 0 0 0 0  : 0 0 0 0 0 0  : i 
C[319] 8 : 459 634 635 973 969 971 970 461  : 0 1 1 1 1 1 1 0  : 0 0 0 0 0 0 0 0  : i 
C[320] 5 : 459 642 643 636 634  : 0 0 0 0 1  : 0 0 0 0 0  : i 
C[321] 6 : 436 460 461 970 496 495  : 0 -1 -1 0 0 0  : 0 0 0 0 0 0  : i 
C[322] 5 : 642 646 645 644 643  : 0 0 0 0 0  : 0 0 0 0 0  : i 
C[323] 6 : 438 440 630 631 627 446  : 0 0 0 0 0 0  : 0 0 0 0 0 0  : i 
C[324] 6 : 246 430 431 265 250 249  : 0 0 0 0 0 0  : 0 0 0 0 0 0  : i 
C[325] 6 : 247 251 626 631 630 442  : 0 0 0 0 0 0  : 0 0 0 0 0 0  : i 
C[326] 5 : 626 628 629 627 631  : 0 0 0 0 0  : 0 0 0 0 0  : i 
C[327] 5 : 251 95 252 628 626  : 0 0 0 0 0  : 0 0 0 0 0  : i 
C[328] 6 : 23 463 464 489 657 656  : 0 0 0 0 0 0  : 0 0 0 0 0 0  : i 
C[329] 6 : 401 402 221 225 226 220  : 0 0 0 0 0 0  : 0 0 0 0 0 0  : i 
C[330] 6 : 23 656 654 401 220 219  : 0 0 0 0 0 0  : 0 0 0 0 0 0  : i 
C[331] 6 : 221 672 814 812 239 225  : 0 0 0 0 0 0  : 0 0 0 0 0 0  : i 
C[332] 7 : 462 465 464 463 791 794 792  : 0 0 0 0 0 0 0  : 0 0 0 0 0 0 0  : i 
C[333] 6 : 462 792 793 644 645 640  : 0 0 0 0 0 0  : 0 0 0 0 0 0  : i 
C[334] 6 : 403 404 600 597 406 405  : 0 0 0 0 0 0  : 0 0 0 0 0 0  : i 
C[335] 6 : 804 513 194 582 583 120  : 0 0 0 0 0 0  : 0 0 0 1 1 0  : v 
C[336] 6 : 20 105 386 387 586 623  : 0 0 0 1 1 0  : 0 0 0 0 1 0  : v 
C[337] 6 : 425 625 623 586 585 684  : 0 0 0 1 1 1  : 0 0 -1 0 0 0  : v 
C[338] 5 : 20 623 625 624 210  : 0 0 0 0 0  : 0 0 1 1 0  : v 
C[339] 5 : 177 584 585 586 387  : 0 0 0 0 0  : 0 1 1 1 0  : v 
C[340] 6 : 8 57 177 387 386 30  : 0 0 0 0 -1 0  : 0 0 0 0 0 0  : v 
C[341] 6 : 740 876 965 964 741 742  : 0 0 0 0 0 0  : 0 0 0 0 0 0  : i 
C[342] 8 : 666 667 809 805 808 923 924 680  : 0 0 0 0 0 0 0 0  : 0 0 0 0 0 0 0 0  : i 
C[343] 5 : 820 980 979 920 821  : 0 0 0 0 0  : 0 0 0 0 0  : i 
C[344] 7 : 286 982 980 820 917 918 919  : 0 0 0 0 0 0 0  : 0 0 0 0 0 0 0  : i 
C[345] 6 : 514 818 821 920 922 921  : 0 0 0 0 0 0  : 0 0 0 0 0 0  : i 
C[346] 6 : 818 819 914 917 820 821  : 0 0 0 0 0 0  : 0 0 0 0 0 0  : i 
C[347] 4 : 729 730 732 731  : 0 0 0 0  : 0 0 0 0  : i 
C[348] 6 : 11 196 355 729 731 375  : 0 0 0 0 0 0  : 0 0 0 0 0 0  : i 
C[349] 6 : 574 721 722 577 576 575  : 0 0 0 0 0 0  : 0 0 0 0 0 0  : i 
C[350] 5 : 573 574 575 732 730  : 0 0 0 0 0  : 0 0 0 0 0  : i 
C[351] 6 : 805 809 806 807 901 899  : 0 0 0 0 0 0  : 0 0 0 0 0 0  : i 
C[352] 6 : 808 805 899 898 904 902  : 0 0 0 0 0 0  : 0 0 0 0 0 0  : i 
C[353] 6 : 810 903 990 991 977 907  : 0 0 0 0 0 0  : 0 0 0 0 0 0  : i 
C[354] 7 : 514 810 907 906 676 819 818  : 0 0 0 0 0 0 0  : 0 0 0 0 0 0 0  : i 
C[355] 5 : 902 904 989 990 903  : 0 0 0 0 0  : 0 0 0 0 0  : i 
C[356] 7 : 514 921 923 808 902 903 810  : 0 0 0 0 0 0 0  : 0 0 0 0 0 0 0  : i 
C[357] 5 : 413 414 415 620 617  : 0 0 0 0 0  : 0 0 0 0 0  : v 
C[358] 6 : 401 654 655 595 594 402  : 0 0 0 0 0 0  : 0 0 0 0 0 0  : i 
C[359] 5 : 653 655 654 656 657  : 0 0 0 0 0  : 0 0 0 0 0  : i 
C[360] 5 : 86 87 217 398 400  : 0 0 0 0 0  : 0 0 0 0 0  : i 
C[361] 8 : 346 957 958 848 350 349 347 348  : 0 0 0 0 0 0 0 0  : 0 0 0 0 0 0 0 0  : i 
C[362] 7 : 196 367 568 569 370 356 355  : 0 0 0 0 0 0 0  : 0 0 0 0 0 0 0  : i 
C[363] 8 : 198 199 201 200 373 576 577 378  : 0 0 0 0 0 0 0 0  : 0 0 0 0 0 0 0 0  : i 
C[364] 6 : 792 794 887 886 795 793  : 0 0 0 0 0 0  : 0 0 0 0 0 0  : i 
C[365] 5 : 453 633 632 457 455  : 0 -1 -1 -1 0  : 0 0 0 0 0  : i 
C[366] 5 : 181 182 546 544 318  : 0 0 0 0 0  : 0 0 0 0 0  : i 
C[367] 5 : 317 318 544 541 319  : 0 0 0 0 0  : 0 0 0 0 0  : i 
C[368] 6 : 744 745 749 748 746 747  : 0 0 0 0 0 0  : 0 0 0 0 0 0  : i 
C[369] 6 : 58 59 75 590 747 746  : 0 0 0 0 0 0  : 0 0 0 0 0 0  : i 
C[370] 6 : 750 592 593 749 745 743  : 0 0 0 0 0 0  : 0 0 0 0 0 0  : i 
C[371] 5 : 539 538 258 485 483  : 0 0 0 0 0  : 0 0 0 0 0  : i 
C[372] 6 : 535 537 538 539 540 536  : 0 0 0 0 0 0  : 0 0 0 0 0 0  : i 
C[373] 6 : 14 15 102 484 485 258  : 0 0 0 0 0 0  : 0 0 0 0 0 0  : i 
C[374] 6 : 453 972 973 635 637 633  : 0 0 0 0 -1 -1  : 0 0 0 0 0 0  : i 
C[375] 6 : 89 90 231 407 408 216  : 0 0 0 0 0 0  : 0 0 0 0 0 0  : i 
C[376] 5 : 454 753 455 457 456  : 0 1 1 0 0  : 0 0 0 0 0  : i 
C[377] 6 : 237 419 670 807 806 285  : 0 0 0 0 0 0  : 0 0 0 0 0 0  : i 
C[378] 8 : 88 228 229 762 760 601 404 403  : 0 0 0 0 0 0 0 0  : 0 0 0 0 0 0 0 0  : i 
C[379] 6 : 218 409 604 771 772 452  : 0 0 0 0 0 0  : 0 0 0 0 0 0  : i 
C[380] 6 : 886 887 888 889 891 890  : 0 0 0 0 0 0  : 0 0 0 0 0 0  : i 
C[381] 7 : 496 970 971 591 498 660 659  : 0 0 0 0 0 0 0  : 0 0 0 0 0 0 0  : i 
C[382] 5 : 497 797 796 660 498  : 0 0 0 0 0  : 0 0 0 0 0  : i 
C[383] 6 : 590 591 971 969 744 747  : 0 0 0 0 0 0  : 0 0 0 0 0 0  : i 
C[384] 6 : 75 76 497 498 591 590  : 0 0 0 0 0 0  : 0 0 0 0 0 0  : i 
C[385] 6 : 892 895 204 894 896 893  : 0 0 0 0 0 0  : 0 0 0 0 0 0  : i 
C[386] 6 : 124 506 507 203 202 126  : 0 0 0 0 0 0  : 0 0 0 0 0 0  : i 
C[387] 7 : 506 508 509 276 511 510 507  : 0 0 0 0 0 0 0  : 0 0 0 0 0 0 0  : i 
C[388] 6 : 268 270 269 897 896 894  : 0 0 0 0 0 0  : 0 0 0 0 0 0  : i 
C[389] 7 : 204 895 209 208 207 206 205  : 0 0 0 0 0 0 0  : 0 0 0 0 0 0 0  : i 
C[390] 7 : 269 872 870 494 658 798 897  : 0 0 0 0 0 0 0  : 0 0 0 0 0 0 0  : i 
C[391] 7 : 458 638 646 642 459 461 460  : 0 0 0 0 0 0 0  : 0 0 0 0 0 0 0  : i 
C[392] 7 : 458 460 436 450 629 628 252  : 0 0 1 0 0 0 0  : 0 0 0 0 0 0 0  : i 
C[393] 6 : 440 444 443 441 442 630  : 0 0 0 0 0 0  : 0 0 0 0 0 0  : i 
C[394] 6 : 252 95 264 639 638 458  : 0 0 0 0 0 0  : 0 0 0 0 0 0  : i 
C[395] 8 : 638 639 641 651 652 640 645 646  : 0 0 0 0 0 0 0 0  : 0 0 0 0 0 0 0 0  : i 
C[396] 6 : 253 466 467 532 255 254  : 0 0 0 0 0 0  : 0 0 0 0 0 0  : i 
C[397] 7 : 5 254 255 93 248 441 443  : 0 0 0 0 0 0 0  : 0 0 0 0 0 0 0  : i 
C[398] 7 : 5 14 258 538 537 253 254  : 0 0 0 0 0 0 0  : 0 0 0 0 0 0 0  : i 
C[399] 7 : 467 529 530 534 533 531 532  : 0 0 0 0 0 0 0  : 0 0 0 0 0 0 0  : i 
C[400] 5 : 253 537 535 468 466  : 0 0 0 0 0  : 0 0 0 0 0  : i 
C[401] 7 : 167 170 168 314 530 529 470  : 0 0 0 0 0 0 0  : 0 0 0 0 0 0 0  : i 
C[402] 6 : 164 567 712 564 305 304  : 0 0 0 0 0 0  : 0 0 0 0 0 0  : i 
C[403] 7 : 72 693 691 312 566 567 164  : 0 0 0 0 0 0 0  : 0 0 0 0 0 0 0  : i 
C[404] 5 : 24 694 693 72 74  : 0 0 0 0 0  : 0 0 0 0 0  : i 
C[405] 8 : 165 191 190 352 351 311 528 527  : 0 0 0 0 0 0 0 0  : 0 0 0 0 0 0 0 0  : i 
C[406] 5 : 311 312 691 692 528  : 0 0 0 0 0  : 0 0 0 0 0  : i 
C[407] 7 : 691 693 694 166 695 696 692  : 0 0 0 0 0 0 0  : 0 0 0 0 0 0 0  : i 
C[408] 6 : 93 255 532 531 113 115  : 0 0 0 0 0 0  : 0 0 0 0 0 0  : i 
C[409] 7 : 711 564 712 937 946 944 849  : 0 0 0 0 0 0 0  : 0 0 0 0 0 0 0  : i 
C[410] 6 : 567 566 565 936 937 712  : 0 0 0 0 0 0  : 0 0 0 0 0 0  : i 
C[411] 5 : 306 305 564 711 302  : 0 0 0 0 0  : 0 0 0 0 0  : i 
C[412] 7 : 847 850 947 939 848 958 956  : 0 0 0 0 0 0 0  : 0 0 0 0 0 0 0  : i 
C[413] 7 : 197 859 860 718 570 571 372  : 0 0 0 0 0 0 0  : 0 0 0 0 0 0 0  : i 
C[414] 6 : 418 424 422 419 237 420  : 0 0 0 0 0 0  : 0 0 0 0 0 0  : i 
C[415] 7 : 486 653 657 489 490 488 487  : 0 0 0 0 0 0 0  : 0 0 0 0 0 0 0  : i 
C[416] 5 : 419 422 813 811 670  : 0 0 0 0 0  : 0 0 0 0 0  : i 
C[417] 8 : 229 241 424 418 235 767 768 762  : 0 0 0 0 0 0 0 0  : 0 0 0 0 0 0 0 0  : i 
C[418] 5 : 604 778 779 775 771  : 0 0 0 0 0  : 0 0 0 0 0  : i 
C[419] 5 : 16 94 437 439 17  : 0 0 0 0 0  : 0 0 0 0 0  : i 
C[420] 7 : 5 443 444 94 16 15 14  : 0 0 0 0 0 0 0  : 0 0 0 0 0 0 0  : i 
C[421] 6 : 264 265 431 432 641 639  : 0 0 0 0 0 0  : 0 0 0 0 0 0  : i 
C[422] 4 : 985 986 988 987  : 0 0 0 0  : 0 0 0 0  : i 
C[423] 5 : 822 985 987 927 929  : 0 0 0 0 0  : 0 0 0 0 0  : i 
C[424] 7 : 373 374 375 731 732 575 576  : 0 0 0 0 0 0 0  : 0 0 0 0 0 0 0  : i 
C[425] 5 : 67 726 727 368 68  : 0 0 0 0 0  : 0 0 0 0 0  : i 
C[426] 6 : 710 847 956 955 953 951  : 0 0 0 0 0 0  : 0 0 0 0 0 0  : i 
C[427] 7 : 948 950 951 953 960 952 949  : 0 0 0 0 0 0 0  : 0 0 0 0 0 0 0  : i 
C[428] 7 : 216 408 409 218 399 398 217  : 0 0 0 0 0 0 0  : 0 0 0 0 0 0 0  : i 
C[429] 6 : 62 393 748 749 593 394  : 0 0 0 0 0 0  : 0 0 0 0 0 0  : i 
C[430] 4 : 426 427 429 428  : 0 0 0 0  : 0 0 0 0  : i 
C[431] 8 : 93 115 114 429 427 246 249 248  : 0 0 0 0 0 0 0 0  : 0 0 0 0 0 0 0 0  : i 
C[432] 6 : 6 428 429 114 111 25  : 0 0 0 0 0 0  : 0 0 0 0 0 0  : i 
C[433] 6 : 430 433 434 435 432 431  : 0 0 0 0 0 0  : 0 0 0 0 0 0  : i 
C[434] 5 : 246 427 426 433 430  : 0 0 0 0 0  : 0 0 0 0 0  : i 
C[435] 7 : 6 7 262 434 433 426 428  : 0 0 0 0 0 0 0  : 0 0 0 0 0 0 0  : i 
C[436] 5 : 94 444 440 438 437  : 0 0 0 0 0  : 0 0 0 0 0  : i 
C[437] 6 : 247 442 441 248 249 250  : 0 0 0 0 0 0  : 0 0 0 0 0 0  : i 
C[438] 5 : 437 438 446 445 439  : 0 0 0 0 0  : 0 0 0 0 0  : i 
C[439] 6 : 17 439 445 448 27 18  : 0 0 0 0 0 0  : 0 0 0 0 0 0  : i 
C[440] 6 : 27 448 447 578 866 116  : 0 0 0 1 1 1  : 0 0 0 0 0 0  : i 
C[441] 5 : 447 449 736 737 578  : 0 1 1 1 1  : 0 0 0 0 0  : i 
C[442] 7 : 449 451 493 494 870 871 736  : 0 0 0 0 0 0 0  : 0 0 0 0 0 0 0  : i 
C[443] 7 : 453 455 753 754 750 743 972  : 0 0 0 0 0 0 0  : 0 0 0 0 0 0 0  : i 
C[444] 9 : 20 210 211 83 473 472 22 106 105  : 0 0 0 0 0 0 0 0 0  : 0 0 0 0 0 0 0 0 0  : v 
C[445] 7 : 19 21 96 257 482 97 98  : 0 0 0 0 0 0 0  : 0 0 0 0 0 0 0  : i 
C[446] 5 : 2 47 542 543 61  : 0 0 0 0 0  : 0 0 0 0 0  : i 
C[447] 6 : 60 545 393 62 63 64  : 0 0 0 0 0 0  : 0 0 0 0 0 0  : i 
C[448] 7 : 541 544 546 545 60 543 542  : 0 0 0 0 0 0 0  : 0 0 0 0 0 0 0  : i 
C[449] 7 : 410 412 411 963 962 781 780  : 0 0 1 1 1 0 0  : 0 0 0 0 0 0 0  : i 
C[450] 6 : 876 962 963 877 968 965  : 0 0 0 0 0 0  : 0 0 0 0 0 0  : i 
C[451] 6 : 740 974 782 781 962 876  : 0 0 -1 -1 0 0  : 0 0 0 0 0 0  : i 
C[452] 7 : 58 746 748 393 545 546 182  : 0 0 0 0 0 0 0  : 0 0 0 0 0 0 0  : i 
C[453] 7 : 261 491 492 435 434 262 263  : 0 0 0 0 0 0 0  : 0 0 0 0 0 0 0  : i 
C[454] 5 : 203 507 510 274 384  : 0 0 0 0 0  : 0 0 0 0 0  : i 
C[455] 7 : 274 510 511 499 500 501 275  : 0 0 0 0 0 0 0  : 0 0 0 0 0 0 0  : i 
C[456] 6 : 989 993 995 994 991 990  : 0 0 0 0 0 0  : 0 0 0 0 0 0  : i 
C[457] 6 : 671 993 989 904 898 900  : 0 0 0 0 0 0  : 0 0 0 0 0 0  : i 
C[458] 8 : 11 375 374 319 541 542 47 48  : 0 0 0 0 0 0 0 0  : 0 0 0 0 0 0 0 0  : i 
C[459] 5 : 715 858 861 860 859  : 0 0 0 0 0  : 0 0 0 0 0  : i 
C[460] 7 : 713 714 851 853 862 861 858  : 0 0 0 0 0 0 0  : 0 0 0 0 0 0 0  : i 
C[461] 5 : 717 862 853 856 857  : 0 0 0 0 0  : 0 0 0 0 0  : i 
C[462] 6 : 716 718 860 861 862 717  : 0 0 0 0 0 0  : 0 0 0 0 0 0  : i 
C[463] 4 : 714 950 948 851  : 0 0 0 0  : 0 0 0 0  : i 
C[464] 8 : 851 948 949 852 854 855 856 853  : 0 0 0 0 0 0 0 0  : 0 0 0 0 0 0 0 0  : i 
C[465] 9 : 445 446 627 629 450 451 449 447 448  : 0 0 0 0 0 1 1 0 0  : 0 0 0 0 0 0 0 0 0  : i 
C[466] 6 : 486 787 786 595 655 653  : 0 0 0 0 0 0  : 0 0 0 0 0 0  : i 
C[467] 6 : 364 609 788 787 486 487  : 0 0 0 0 0 0  : 0 0 0 0 0 0  : i 
C[468] 6 : 783 784 785 786 787 788  : 0 0 0 0 0 0  : 0 0 0 0 0 0  : i 
C[469] 7 : 28 579 580 117 273 272 41  : 0 0 0 0 0 0 0  : 0 0 0 0 0 0 0  : i 
C[470] 6 : 921 922 988 986 924 923  : 0 0 0 0 0 0  : 0 0 0 0 0 0  : i 
C[471] 6 : 725 727 726 915 916 728  : 0 0 0 0 0 0  : 0 0 0 0 0 0  : i 
C[472] 6 : 366 368 727 725 568 367  : 0 0 0 0 0 0  : 0 0 0 0 0 0  : i 
C[473] 5 : 67 919 918 915 726  : 0 0 0 0 0  : 0 0 0 0 0  : i 
C[474] 5 : 914 916 915 918 917  : 0 0 0 0 0  : 0 0 0 0 0  : i 
C[475] 6 : 407 776 778 604 409 408  : 0 0 0 0 0 0  : 0 0 0 0 0 0  : i 
C[476] 6 : 775 779 777 780 781 782  : 0 0 0 0 0 0  : 0 0 0 0 0 0  : i 
C[477] 4 : 776 777 779 778  : 0 0 0 0  : 0 0 0 0  : i 
C[478] 8 : 231 405 406 410 780 777 776 407  : 0 0 0 0 0 0 0 0  : 0 0 0 0 0 0 0 0  : i 
C[479] 7 : 355 356 855 854 573 730 729  : 0 0 0 0 0 0 0  : 0 0 0 0 0 0 0  : i 
C[480] 9 : 771 775 782 974 975 885 773 774 772  : 0 0 0 1 1 0 0 0 0  : 0 0 0 0 0 0 0 0 0  : i 
C[481] 5 : 398 399 789 790 400  : 0 0 0 0 0  : 0 0 0 0 0  : i 
C[482] 6 : 218 452 889 888 789 399  : 0 0 0 0 0 0  : 0 0 0 0 0 0  : i 
C[483] 6 : 789 888 887 794 791 790  : 0 0 0 0 0 0  : 0 0 0 0 0 0  : i 
C[484] 7 : 23 219 86 400 790 791 463  : 0 0 0 0 0 0 0  : 0 0 0 0 0 0 0  : i 
C[485] 6 : 709 710 951 950 714 713  : 0 0 0 0 0 0  : 0 0 0 0 0 0  : i 
C[486] 6 : 617 620 669 668 618 619  : 0 0 0 0 0 0  : 0 0 0 0 0 -1  : v 
C[487] 4 : 940 942 943 941  : 0 0 0 0  : 0 0 0 0  : i 
C[488] 8 : 197 302 711 849 943 942 715 859  : 0 0 0 0 0 0 0 0  : 0 0 0 0 0 0 0 0  : i 
C[489] 6 : 709 713 858 715 942 940  : 0 0 0 0 0 0  : 0 0 0 0 0 0  : i 
C[490] 5 : 849 944 945 941 943  : 0 0 0 0 0  : 0 0 0 0 0  : i 
C[491] 7 : 709 940 941 945 850 847 710  : 0 0 0 0 0 0 0  : 0 0 0 0 0 0 0  : i 
C[492] 8 : 920 979 978 926 927 987 988 922  : 0 0 0 0 0 0 0 0  : 0 0 0 0 0 0 0 0  : i 
C[493] 5 : 568 725 728 677 569  : 0 0 0 0 0  : 0 0 0 0 0  : i 
C[494] 7 : 740 742 752 756 755 975 974  : 0 0 0 0 0 0 0  : 0 0 0 0 0 0 0  : i 
C[495] 7 : 454 773 885 755 756 754 753  : 0 0 0 1 1 1 1  : 0 0 0 0 0 0 0  : i 
C[496] 6 : 369 370 569 677 678 679  : 0 0 0 0 0 0  : 0 0 0 0 0 0  : i 
C[497] 5 : 680 924 986 985 822  : 0 0 0 0 0  : 0 0 0 0 0  : i 
C[498] 8 : 287 665 666 680 822 929 928 681  : 0 0 0 0 0 0 0 0  : 0 0 0 0 0 0 0 0  : v 
C[499] 9 : 676 913 912 678 677 728 916 914 819  : 0 0 0 0 0 0 0 0 0  : 0 0 0 0 0 0 0 0 0  : i 
