# Scenario = B
# seed = -176367794
## LX*LY = 1.000000 x 1.000000 
## KV = 1.000000e+00 
## Vo = 2.000000e-03 
## KL = 1.000000e-01 
## ShpIde = 3.700000e+00 
0.00 0.003895 0 0 0   0  301 0 0  0.001980 0.000209  - -  0.000007 0.000000 
1.00 0.003845 0 0 0   0  301 0 0  0.001980 0.000209  - -  0.000007 0.000000 
2.00 0.003829 2 2 0   2  299 2 0  0.001979 0.000208  0.002216 0.000095  0.000007 0.000000 
3.00 0.003713 2 2 0   2  299 2 0  0.001977 0.000207  0.002609 0.000085  0.000006 0.000000 
4.00 0.003653 2 2 0   2  299 2 0  0.001975 0.000206  0.002823 0.000079  0.000006 0.000000 
5.00 0.003609 2 2 0   2  299 2 0  0.001975 0.000205  0.002942 0.000075  0.000006 0.000000 
6.00 0.003571 2 2 0   2  299 2 0  0.001975 0.000204  0.003011 0.000072  0.000006 0.000000 
7.00 0.003528 3 3 0   3  298 3 0  0.001974 0.000203  0.002853 0.000291  0.000006 0.000000 
8.00 0.003482 3 3 0   3  298 3 0  0.001973 0.000202  0.002956 0.000188  0.000006 0.000000 
9.00 0.003499 6 6 0   6  295 6 0  0.001971 0.000202  0.002607 0.000450  0.000006 0.000000 
10.00 0.003388 7 7 0   7  294 7 0  0.001967 0.000202  0.002676 0.000383  0.000006 0.000000 
11.00 0.003322 7 7 0   7  294 7 0  0.001965 0.000203  0.002791 0.000306  0.000006 0.000000 
12.00 0.003702 7 7 0   7  294 5 4  0.001965 0.000204  0.002743 0.000227  0.000006 0.000000 
13.00 0.003366 10 8 2   10  291 8 4  0.001963 0.000205  0.002664 0.000247  0.000006 0.000000 
14.00 0.003211 12 10 2   12  289 10 4  0.001959 0.000205  0.002712 0.000223  0.000006 0.000000 
15.00 0.003146 13 10 3   13  288 11 4  0.001958 0.000204  0.002718 0.000366  0.000006 0.000000 
16.00 0.003114 15 11 4   15  286 13 4  0.001956 0.000205  0.002673 0.000412  0.000006 0.000000 
17.00 0.003144 17 11 6   17  284 14 6  0.001954 0.000206  0.002637 0.000391  0.000006 0.000000 
18.00 0.002977 19 12 7   19  282 16 6  0.001950 0.000208  0.002663 0.000324  0.000006 0.000000 
19.00 0.003170 20 13 7   20  281 14 12  0.001949 0.000209  0.002666 0.000297  0.000006 0.000000 
20.00 0.003143 24 14 10   24  277 17 14  0.001951 0.000206  0.002594 0.000424  0.000006 0.000000 
21.00 0.002880 24 14 10   24  277 17 14  0.001949 0.000206  0.002688 0.000337  0.000006 0.000000 
22.00 0.002863 26 14 12   26  275 19 14  0.001951 0.000204  0.002623 0.000441  0.000006 0.000000 
23.00 0.003056 27 14 13   27  274 17 20  0.001950 0.000204  0.002631 0.000356  0.000006 0.000000 
24.00 0.003120 30 14 16   30  271 18 24  0.001951 0.000205  0.002580 0.000356  0.000006 0.000000 
25.00 0.003070 31 15 16   31  270 18 26  0.001952 0.000205  0.002634 0.000351  0.000006 0.000000 
26.00 0.003014 33 15 18   33  268 18 30  0.001953 0.000204  0.002621 0.000402  0.000006 0.000000 
27.00 0.003089 37 15 22   37  264 20 34  0.001949 0.000204  0.002594 0.000346  0.000006 0.000000 
28.00 0.002948 41 15 26   41  260 22 38  0.001946 0.000205  0.002620 0.000319  0.000006 0.000000 
29.00 0.002775 44 16 28   44  257 24 40  0.001944 0.000208  0.002628 0.000350  0.000006 0.000000 
30.00 0.003353 46 17 29   46  255 22 48  0.001943 0.000209  0.002670 0.000333  0.000006 0.000000 
31.00 0.002895 51 17 34   51  250 27 48  0.001940 0.000209  0.002648 0.000369  0.000006 0.000000 
32.00 0.002884 55 18 37   55  246 29 52  0.001940 0.000208  0.002584 0.000429  0.000006 0.000000 
33.00 0.002699 58 18 40   58  243 31 54  0.001939 0.000206  0.002566 0.000438  0.000006 0.000000 
34.00 0.003078 63 18 45   63  238 33 60  0.001941 0.000208  0.002497 0.000450  0.000006 0.000000 
35.00 0.002873 68 20 48   68  233 37 62  0.001942 0.000207  0.002471 0.000462  0.000005 0.000000 
36.00 0.002735 71 20 51   71  230 38 66  0.001932 0.000202  0.002551 0.000405  0.000005 0.000000 
37.00 0.002970 73 20 53   73  228 36 74  0.001932 0.000197  0.002565 0.000414  0.000005 0.000000 
38.00 0.002953 77 20 57   77  224 36 82  0.001934 0.000195  0.002556 0.000424  0.000005 0.000000 
39.00 0.002935 82 22 60   82  219 38 88  0.001929 0.000197  0.002572 0.000407  0.000005 0.000000 
40.00 0.002843 83 23 60   83  218 37 92  0.001927 0.000195  0.002636 0.000383  0.000005 0.000000 
41.00 0.003058 86 23 63   86  215 35 102  0.001927 0.000196  0.002646 0.000318  0.000005 0.000000 
42.00 0.002991 90 23 67   90  211 35 110  0.001927 0.000194  0.002666 0.000342  0.000005 0.000000 
43.00 0.002771 92 24 68   92  209 34 116  0.001925 0.000188  0.002724 0.000281  0.000004 0.000000 
44.00 0.003462 96 25 71   96  205 33 126  0.001925 0.000187  0.002693 0.000314  0.000004 0.000000 
45.00 0.003306 98 26 72   98  203 30 136  0.001927 0.000185  0.002746 0.000299  0.000004 0.000000 
46.00 0.003085 99 26 73   99  202 28 142  0.001933 0.000189  0.002794 0.000253  0.000004 0.000000 
47.00 0.002811 102 26 76   102  199 29 146  0.001933 0.000192  0.002813 0.000279  0.000004 0.000000 
48.00 0.003006 109 28 81   109  192 32 154  0.001931 0.000190  0.002710 0.000359  0.000004 0.000000 
49.00 0.003091 109 28 81   109  192 27 164  0.001935 0.000192  0.002797 0.000286  0.000004 0.000000 
50.00 0.002655 113 28 85   113  188 30 166  0.001940 0.000191  0.002763 0.000354  0.000004 0.000000 
51.00 0.002798 118 28 90   118  183 32 172  0.001939 0.000188  0.002715 0.000337  0.000004 0.000000 
52.00 0.002959 122 29 93   122  179 32 180  0.001937 0.000186  0.002704 0.000300  0.000003 0.000000 
53.00 0.002792 126 29 97   126  175 34 184  0.001933 0.000187  0.002701 0.000276  0.000003 0.000000 
54.00 0.002996 130 30 100   130  171 34 192  0.001935 0.000189  0.002690 0.000318  0.000003 0.000000 
55.00 0.002626 132 30 102   132  169 34 196  0.001936 0.000192  0.002736 0.000268  0.000003 0.000000 
56.00 0.002371 132 30 102   132  169 33 198  0.001935 0.000192  0.002803 0.000210  0.000003 0.000000 
57.00 0.002563 138 30 108   138  163 36 204  0.001933 0.000193  0.002749 0.000307  0.000003 0.000000 
58.00 0.002990 141 30 111   141  160 32 218  0.001936 0.000194  0.002752 0.000303  0.000003 0.000000 
59.00 0.002307 145 30 115   145  156 36 218  0.001934 0.000190  0.002770 0.000298  0.000003 0.000000 
60.00 0.002516 152 32 120   152  149 39 226  0.001924 0.000194  0.002728 0.000322  0.000003 0.000000 
61.00 0.002987 160 33 127   160  141 42 236  0.001912 0.000189  0.002656 0.000321  0.000003 0.000000 
62.00 0.002760 164 33 131   164  137 42 244  0.001899 0.000188  0.002689 0.000288  0.000003 0.000000 
63.00 0.002632 169 33 136   169  132 43 252  0.001890 0.000183  0.002702 0.000308  0.000003 0.000000 
64.00 0.002618 170 33 137   170  131 40 260  0.001887 0.000181  0.002747 0.000276  0.000003 0.000000 
65.00 0.002401 174 33 141   174  127 42 264  0.001889 0.000183  0.002724 0.000309  0.000003 0.000000 
66.00 0.001969 176 33 143   176  125 44 264  0.001887 0.000179  0.002751 0.000302  0.000003 0.000000 
67.00 0.002408 181 33 148   181  120 43 276  0.001879 0.000174  0.002722 0.000306  0.000003 0.000000 
68.00 0.002363 184 34 150   184  117 43 282  0.001875 0.000173  0.002737 0.000305  0.000003 0.000000 
69.00 0.002356 191 34 157   191  110 46 290  0.001878 0.000166  0.002679 0.000345  0.000002 0.000000 
70.00 0.002614 193 35 158   193  108 41 304  0.001886 0.000162  0.002701 0.000298  0.000002 0.000000 
71.00 0.003084 197 35 162   197  104 37 320  0.001892 0.000161  0.002677 0.000320  0.000002 0.000000 
72.00 0.002663 200 35 165   200  101 36 328  0.001907 0.000169  0.002703 0.000338  0.000002 0.000000 
73.00 0.002868 203 35 168   203  98 34 338  0.001914 0.000182  0.002732 0.000307  0.000002 0.000000 
74.00 0.002229 205 35 170   205  96 35 340  0.001922 0.000192  0.002762 0.000300  0.000002 0.000000 
75.00 0.002450 209 35 174   209  92 35 348  0.001926 0.000197  0.002717 0.000359  0.000002 0.000000 
76.00 0.002221 210 35 175   210  91 34 352  0.001923 0.000205  0.002770 0.000317  0.000002 0.000000 
77.00 0.002716 216 35 181   216  85 35 362  0.001927 0.000201  0.002674 0.000414  0.000002 0.000000 
78.00 0.002575 218 35 183   218  83 34 368  0.001933 0.000201  0.002684 0.000360  0.000002 0.000000 
79.00 0.002919 222 36 186   222  79 31 382  0.001926 0.000196  0.002680 0.000341  0.000002 0.000000 
80.00 0.002547 226 37 189   226  75 33 386  0.001922 0.000189  0.002689 0.000351  0.000002 0.000000 
81.00 0.002793 230 37 193   230  71 33 394  0.001921 0.000185  0.002671 0.000364  0.000001 0.000000 
82.00 0.002612 232 37 195   232  69 32 400  0.001925 0.000174  0.002680 0.000334  0.000001 0.000000 
83.00 0.002440 233 37 196   233  68 30 406  0.001929 0.000173  0.002721 0.000284  0.000001 0.000000 
84.00 0.002363 235 38 197   235  66 30 410  0.001936 0.000170  0.002748 0.000301  0.000001 0.000000 
85.00 0.002434 239 38 201   239  62 30 418  0.001945 0.000170  0.002703 0.000331  0.000001 0.000000 
86.00 0.002113 241 38 203   241  60 31 420  0.001953 0.000171  0.002722 0.000310  0.000001 0.000000 
87.00 0.002601 243 38 205   243  58 27 432  0.001966 0.000176  0.002702 0.000270  0.000001 0.000000 
88.00 0.002289 244 38 206   244  57 26 436  0.001974 0.000189  0.002747 0.000196  0.000001 0.000000 
89.00 0.002588 247 38 209   247  54 25 444  0.001982 0.000194  0.002745 0.000286  0.000001 0.000000 
90.00 0.002465 247 38 209   247  54 21 452  0.001989 0.000199  0.002806 0.000241  0.000001 0.000000 
91.00 0.003059 250 38 212   250  51 20 460  0.001993 0.000205  0.002728 0.000277  0.000001 0.000000 
92.00 0.002829 252 38 214   252  49 20 464  0.002001 0.000214  0.002705 0.000303  0.000001 0.000000 
93.00 0.002508 253 38 215   253  48 20 466  0.002001 0.000224  0.002738 0.000257  0.000001 0.000000 
94.00 0.002384 256 38 218   256  45 21 470  0.001982 0.000209  0.002742 0.000216  0.000001 0.000000 
95.00 0.002408 257 38 219   257  44 18 478  0.001986 0.000197  0.002774 0.000205  0.000001 0.000000 
96.00 0.002260 258 38 220   258  43 17 482  0.001991 0.000189  0.002815 0.000215  0.000001 0.000000 
97.00 0.002253 259 38 221   259  42 16 486  0.001993 0.000182  0.002883 0.000201  0.000001 0.000000 
98.00 0.002085 263 38 225   263  38 19 488  0.001985 0.000183  0.002814 0.000290  0.000001 0.000000 
99.00 0.002471 265 38 227   265  36 18 494  0.001968 0.000185  0.002833 0.000275  0.000001 0.000000 
100.00 0.002083 267 39 228   267  34 20 494  0.001959 0.000190  0.002834 0.000323  0.000001 0.000000 
101.00 0.002321 271 39 232   271  30 21 500  0.001946 0.000198  0.002782 0.000384  0.000001 0.000000 
102.00 0.002281 273 39 234   273  28 21 504  0.001932 0.000200  0.002828 0.000309  0.000001 0.000000 
103.00 0.002177 274 39 235   274  27 21 506  0.001929 0.000202  0.002867 0.000296  0.000001 0.000000 
104.00 0.002460 277 39 238   277  24 21 512  0.001911 0.000182  0.002803 0.000347  0.000000 0.000000 
105.00 0.002340 279 39 240   279  22 22 514  0.001882 0.000176  0.002809 0.000278  0.000000 0.000000 
106.00 0.002252 281 39 242   281  20 23 516  0.001870 0.000178  0.002788 0.000280  0.000000 0.000000 
107.00 0.002015 281 39 242   281  20 22 518  0.001866 0.000181  0.002836 0.000225  0.000001 0.000000 
108.00 0.002190 281 39 242   281  20 18 526  0.001883 0.000192  0.002882 0.000203  0.000001 0.000000 
109.00 0.002274 281 39 242   281  20 16 530  0.001901 0.000209  0.002904 0.000173  0.000001 0.000000 
110.00 0.002402 282 39 243   282  19 15 534  0.001905 0.000222  0.002889 0.000218  0.000001 0.000000 
111.00 0.002637 283 40 243   283  18 12 542  0.001909 0.000229  0.002898 0.000248  0.000001 0.000000 
112.00 0.002426 284 40 244   284  17 11 546  0.001923 0.000228  0.002901 0.000302  0.000000 0.000000 
113.00 0.002322 286 40 246   286  15 12 548  0.001895 0.000185  0.002887 0.000326  0.000000 0.000000 
114.00 0.002473 287 40 247   287  14 10 554  0.001926 0.000190  0.002828 0.000428  0.000000 0.000000 
115.00 0.002340 288 40 248   288  13 9 558  0.001961 0.000197  0.002753 0.000465  0.000000 0.000000 
116.00 0.002387 288 40 248   288  13 7 562  0.001963 0.000219  0.002841 0.000312  0.000000 0.000000 
117.00 0.002168 288 40 248   288  13 7 562  0.001965 0.000225  0.002931 0.000240  0.000000 0.000000 
118.00 0.002076 288 40 248   288  13 7 562  0.001965 0.000224  0.002978 0.000209  0.000000 0.000000 
119.00 0.002020 289 40 249   289  12 8 562  0.001933 0.000198  0.002946 0.000238  0.000000 0.000000 
120.00 0.002096 289 40 249   289  12 7 564  0.001932 0.000194  0.002958 0.000175  0.000000 0.000000 
121.00 0.002099 291 40 251   291  10 8 566  0.001945 0.000203  0.002757 0.000448  0.000000 0.000000 
122.00 0.002099 292 40 252   292  9 8 568  0.001910 0.000212  0.002724 0.000405  0.000000 0.000000 
123.00 0.002281 293 40 253   293  8 7 572  0.001950 0.000195  0.002522 0.000390  0.000000 0.000000 
124.00 0.002300 293 40 253   293  8 6 574  0.001946 0.000202  0.002562 0.000353  0.000000 0.000000 
125.00 0.002232 293 40 253   293  8 5 576  0.001959 0.000202  0.002626 0.000291  0.000000 0.000000 
126.00 0.002068 293 40 253   293  8 5 576  0.001963 0.000209  0.002696 0.000264  0.000000 0.000000 
127.00 0.002001 293 40 253   293  8 5 576  0.001961 0.000211  0.002743 0.000249  0.000000 0.000000 
128.00 0.001964 293 40 253   293  8 5 576  0.001957 0.000211  0.002779 0.000238  0.000000 0.000000 
129.00 0.002103 294 40 254   294  7 5 578  0.001927 0.000212  0.002654 0.000094  0.000000 0.000000 
130.00 0.002034 295 40 255   295  6 6 578  0.001958 0.000207  0.002566 0.000352  0.000000 0.000000 
131.00 0.002265 296 40 256   296  5 5 582  0.001886 0.000233  0.002626 0.000271  0.000000 0.000000 
132.00 0.002158 296 40 256   296  5 4 584  0.001920 0.000253  0.002721 0.000229  0.000000 0.000000 
133.00 0.002133 296 40 256   296  5 3 586  0.001959 0.000272  0.002757 0.000223  0.000000 0.000000 
134.00 0.002027 296 40 256   296  5 3 586  0.001977 0.000280  0.002816 0.000224  0.000000 0.000000 
135.00 0.001995 297 40 257   297  4 4 586  0.001949 0.000322  0.002708 0.000287  0.000000 0.000000 
136.00 0.001950 297 40 257   297  4 4 586  0.001935 0.000323  0.002771 0.000234  0.000000 0.000000 
137.00 0.001924 297 40 257   297  4 4 586  0.001924 0.000315  0.002814 0.000216  0.000000 0.000000 
138.00 0.001909 298 40 258   298  3 5 586  0.001842 0.000323  0.002765 0.000248  0.000000 0.000000 
139.00 0.001954 298 40 258   298  3 4 588  0.001836 0.000313  0.002768 0.000178  0.000000 0.000000 
140.00 0.002152 298 40 258   298  3 3 590  0.001852 0.000277  0.002910 0.000096  0.000000 0.000000 
141.00 0.002062 298 40 258   298  3 2 592  0.001929 0.000169  0.002943 0.000045  0.000000 0.000000 
142.00 0.001964 298 40 258   298  3 2 592  0.001962 0.000133  0.003007 0.000062  0.000000 0.000000 
143.00 0.001927 298 40 258   298  3 2 592  0.001974 0.000124  0.003043 0.000066  0.000000 0.000000 
144.00 0.001908 298 40 258   298  3 2 592  0.001980 0.000124  0.003064 0.000066  0.000000 0.000000 
145.00 0.002017 298 40 258   298  3 1 594  0.002045 0.000106  0.003014 0.000000  0.000000 0.000000 
146.00 0.001957 298 40 258   298  3 1 594  0.002075 0.000112  0.003028 nan  0.000000 0.000000 
147.00 0.001931 298 40 258   298  3 1 594  0.002084 0.000121  0.003040 0.000000  0.000000 0.000000 
148.00 0.002037 299 40 259   299  2 1 596  0.002012 0.000095  0.002246 0.000000  0.000000 0.000000 
149.00 0.001944 299 40 259   299  2 1 596  0.002006 0.000099  0.002626 nan  0.000000 0.000000 
150.00 0.001906 299 40 259   299  2 1 596  0.002000 0.000104  0.002852 nan  0.000000 0.000000 
151.00 0.001886 299 40 259   299  2 1 596  0.001994 0.000109  0.002988 0.000000  0.000000 0.000000 
152.00 0.001874 299 40 259   299  2 1 596  0.001988 0.000113  0.003071 nan  0.000000 0.000000 
153.00 0.001862 299 40 259   299  2 1 596  0.001983 0.000117  0.003123 nan  0.000000 0.000000 
154.00 0.001852 299 40 259   299  2 1 596  0.001978 0.000120  0.003158 nan  0.000000 0.000000 
155.00 0.001843 299 40 259   299  2 1 596  0.001974 0.000123  0.003181 nan  0.000000 0.000000 
156.00 0.001835 299 40 259   299  2 1 596  0.001971 0.000126  0.003197 nan  0.000000 0.000000 
157.00 0.001828 299 40 259   299  2 1 596  0.001968 0.000128  0.003209 0.000000  0.000000 0.000000 
158.00 0.002098 299 40 259   299  2 0 598  0.001966 0.000130  - -  0.000000 0.000000 
159.00 0.001931 299 40 259   299  2 0 598  0.001964 0.000132  - -  0.000000 0.000000 
160.00 0.001883 299 40 259   299  2 0 598  0.001963 0.000132  - -  0.000000 0.000000 
161.00 0.001862 299 40 259   299  2 0 598  0.001962 0.000132  - -  0.000000 0.000000 
162.00 0.001851 299 40 259   299  2 0 598  0.001962 0.000132  - -  0.000000 0.000000 
163.00 0.001842 299 40 259   299  2 0 598  0.001962 0.000132  - -  0.000000 0.000000 
164.00 0.001835 299 40 259   299  2 0 598  0.001962 0.000131  - -  0.000000 0.000000 
165.00 0.001829 299 40 259   299  2 0 598  0.001962 0.000131  - -  0.000000 0.000000 
166.00 0.001824 299 40 259   299  2 0 598  0.001962 0.000131  - -  0.000000 0.000000 
167.00 0.001819 299 40 259   299  2 0 598  0.001961 0.000132  - -  0.000000 0.000000 
168.00 0.001819 300 40 260   300  1 1 598  0.002093 0.000000  0.002213 nan  0.000000 0.000000 
169.00 0.001801 300 40 260   300  1 1 598  0.002093 nan  0.002446 0.000000  0.000000 0.000000 
170.00 0.001792 300 40 260   300  1 1 598  0.002093 0.000000  0.002573 0.000000  0.000000 0.000000 
171.00 0.001787 300 40 260   300  1 1 598  0.002093 0.000000  0.002643 0.000000  0.000000 0.000000 
172.00 0.001783 300 40 260   300  1 1 598  0.002093 nan  0.002684 nan  0.000000 0.000000 
173.00 0.001779 300 40 260   300  1 1 598  0.002093 nan  0.002709 0.000000  0.000000 0.000000 
174.00 0.001776 300 40 260   300  1 1 598  0.002093 nan  0.002726 0.000000  0.000000 0.000000 
175.00 0.001772 300 40 260   300  1 1 598  0.002093 nan  0.002738 0.000000  0.000000 0.000000 
176.00 0.001769 300 40 260   300  1 1 598  0.002093 0.000000  0.002747 0.000000  0.000000 0.000000 
177.00 0.001767 300 40 260   300  1 1 598  0.002093 0.000000  0.002755 nan  0.000000 0.000000 
178.00 0.001802 300 40 260   300  1 0 600  0.002093 nan  - -  0.000000 0.000000 
179.00 0.001782 300 40 260   300  1 0 600  0.002093 nan  - -  0.000000 0.000000 
180.00 0.001788 301 40 261   301  0 1 600  - -  0.002379 0.000000  - 
181.00 0.001765 301 40 261   301  0 1 600  - -  0.002635 nan  - 
182.00 0.001755 301 40 261   301  0 1 600  - -  0.002773 nan  - 
183.00 0.001749 301 40 261   301  0 1 600  - -  0.002862 0.000000  - 
184.00 0.001744 301 40 261   301  0 1 600  - -  0.002921 0.000000  - 
185.00 0.001740 301 40 261   301  0 1 600  - -  0.002961 nan  - 
186.00 0.001737 301 40 261   301  0 1 600  - -  0.002990 0.000000  - 
187.00 0.001734 301 40 261   301  0 1 600  - -  0.003011 nan  - 
188.00 0.001731 301 40 261   301  0 1 600  - -  0.003027 nan  - 
189.00 0.001728 301 40 261   301  0 1 600  - -  0.003040 nan  - 
190.00 0.001801 301 40 261   301  0 0 602  - -  - -  - 
191.00 0.001762 301 40 261   301  0 0 602  - -  - -  - 
192.00 0.001748 301 40 261   301  0 0 602  - -  - -  - 
193.00 0.001741 301 40 261   301  0 0 602  - -  - -  - 
194.00 0.001737 301 40 261   301  0 0 602  - -  - -  - 
195.00 0.001734 301 40 261   301  0 0 602  - -  - -  - 
196.00 0.001731 301 40 261   301  0 0 602  - -  - -  - 
197.00 0.001729 301 40 261   301  0 0 602  - -  - -  - 
198.00 0.001727 301 40 261   301  0 0 602  - -  - -  - 
199.00 0.001725 301 40 261   301  0 0 602  - -  - -  - 
200.00 0.001723 301 40 261   301  0 0 602  - -  - -  - 
201.00 0.001722 301 40 261   301  0 0 602  - -  - -  - 
202.00 0.001720 301 40 261   301  0 0 602  - -  - -  - 
203.00 0.001718 301 40 261   301  0 0 602  - -  - -  - 
204.00 0.001717 301 40 261   301  0 0 602  - -  - -  - 
205.00 0.001715 301 40 261   301  0 0 602  - -  - -  - 
206.00 0.001714 301 40 261   301  0 0 602  - -  - -  - 
207.00 0.001712 301 40 261   301  0 0 602  - -  - -  - 
208.00 0.001711 301 40 261   301  0 0 602  - -  - -  - 
209.00 0.001709 301 40 261   301  0 0 602  - -  - -  - 
210.00 0.001708 301 40 261   301  0 0 602  - -  - -  - 
211.00 0.001707 301 40 261   301  0 0 602  - -  - -  - 
212.00 0.001706 301 40 261   301  0 0 602  - -  - -  - 
213.00 0.001704 301 40 261   301  0 0 602  - -  - -  - 
214.00 0.001703 301 40 261   301  0 0 602  - -  - -  - 
215.00 0.001702 301 40 261   301  0 0 602  - -  - -  - 
216.00 0.001701 301 40 261   301  0 0 602  - -  - -  - 
217.00 0.001700 301 40 261   301  0 0 602  - -  - -  - 
218.00 0.001699 301 40 261   301  0 0 602  - -  - -  - 
219.00 0.001697 301 40 261   301  0 0 602  - -  - -  - 
220.00 0.001696 301 40 261   301  0 0 602  - -  - -  - 
221.00 0.001695 301 40 261   301  0 0 602  - -  - -  - 
222.00 0.001694 301 40 261   301  0 0 602  - -  - -  - 
223.00 0.001693 301 40 261   301  0 0 602  - -  - -  - 
224.00 0.001692 301 40 261   301  0 0 602  - -  - -  - 
225.00 0.001692 301 40 261   301  0 0 602  - -  - -  - 
226.00 0.001691 301 40 261   301  0 0 602  - -  - -  - 
227.00 0.001690 301 40 261   301  0 0 602  - -  - -  - 
228.00 0.001689 301 40 261   301  0 0 602  - -  - -  - 
229.00 0.001688 301 40 261   301  0 0 602  - -  - -  - 
230.00 0.001687 301 40 261   301  0 0 602  - -  - -  - 
231.00 0.001686 301 40 261   301  0 0 602  - -  - -  - 
232.00 0.001685 301 40 261   301  0 0 602  - -  - -  - 
233.00 0.001685 301 40 261   301  0 0 602  - -  - -  - 
234.00 0.001684 301 40 261   301  0 0 602  - -  - -  - 
235.00 0.001683 301 40 261   301  0 0 602  - -  - -  - 
236.00 0.001682 301 40 261   301  0 0 602  - -  - -  - 
237.00 0.001681 301 40 261   301  0 0 602  - -  - -  - 
238.00 0.001681 301 40 261   301  0 0 602  - -  - -  - 
239.00 0.001680 301 40 261   301  0 0 602  - -  - -  - 
240.00 0.001679 301 40 261   301  0 0 602  - -  - -  - 
241.00 0.001679 301 40 261   301  0 0 602  - -  - -  - 
242.00 0.001678 301 40 261   301  0 0 602  - -  - -  - 
243.00 0.001677 301 40 261   301  0 0 602  - -  - -  - 
244.00 0.001677 301 40 261   301  0 0 602  - -  - -  - 
245.00 0.001676 301 40 261   301  0 0 602  - -  - -  - 
246.00 0.001675 301 40 261   301  0 0 602  - -  - -  - 
247.00 0.001675 301 40 261   301  0 0 602  - -  - -  - 
248.00 0.001674 301 40 261   301  0 0 602  - -  - -  - 
249.00 0.001673 301 40 261   301  0 0 602  - -  - -  - 
